-7196	1
-6922	1
-6814	1
-6346	1
-6344	1
-6255	1
-6224	1
-6186	1
-5969	1
-5936	1
-5931	1
-5892	1
-5873	1
-5872	1
-5871	1
-5855	1
-5845	1
-5821	1
-5805	1
-5772	1
-5754	1
-5722	1
-5712	2
-5704	1
-5690	1
-5660	1
-5655	1
-5648	1
-5632	1
-5618	1
-5601	1
-5595	1
-5548	1
-5547	1
-5516	1
-5496	1
-5474	1
-5473	1
-5466	1
-5434	1
-5402	1
-5375	1
-5360	1
-5357	1
-5344	1
-5342	1
-5335	1
-5325	1
-5320	1
-5310	1
-5290	1
-5289	2
-5261	1
-5254	1
-5249	1
-5243	1
-5242	1
-5233	1
-5226	1
-5204	1
-5202	1
-5200	2
-5191	1
-5181	1
-5175	1
-5173	1
-5164	1
-5143	2
-5136	1
-5131	2
-5116	1
-5113	1
-5102	1
-5093	1
-5074	1
-5051	1
-5043	1
-5036	1
-5033	1
-5031	1
-5029	1
-5021	1
-5004	1
-4986	1
-4978	1
-4976	1
-4975	1
-4958	1
-4956	1
-4949	1
-4947	1
-4929	2
-4926	1
-4925	1
-4923	1
-4918	1
-4915	1
-4912	1
-4911	1
-4908	1
-4905	1
-4904	1
-4900	1
-4894	1
-4893	3
-4891	1
-4886	1
-4884	1
-4874	1
-4865	1
-4861	1
-4844	1
-4843	1
-4840	1
-4839	1
-4838	1
-4837	1
-4833	1
-4829	2
-4826	1
-4820	1
-4818	1
-4817	1
-4815	1
-4811	1
-4810	1
-4793	1
-4787	1
-4786	1
-4785	1
-4780	1
-4764	1
-4763	1
-4760	1
-4750	2
-4749	1
-4747	1
-4744	1
-4743	1
-4738	1
-4734	1
-4733	1
-4729	1
-4724	1
-4723	1
-4722	1
-4718	1
-4711	1
-4708	1
-4703	1
-4702	1
-4701	2
-4697	2
-4696	1
-4692	1
-4691	1
-4690	3
-4687	1
-4683	1
-4680	1
-4677	1
-4675	1
-4674	2
-4673	1
-4671	1
-4663	1
-4659	1
-4657	1
-4651	1
-4649	2
-4642	1
-4639	1
-4633	1
-4628	1
-4625	1
-4624	2
-4623	2
-4622	1
-4617	1
-4606	1
-4604	1
-4602	1
-4599	2
-4596	1
-4594	1
-4592	1
-4588	2
-4587	1
-4585	1
-4583	1
-4580	1
-4579	1
-4578	2
-4576	1
-4574	1
-4572	1
-4570	1
-4568	1
-4564	1
-4556	2
-4549	1
-4548	1
-4547	1
-4542	1
-4539	2
-4538	1
-4535	2
-4534	1
-4533	1
-4531	2
-4528	1
-4526	1
-4524	1
-4521	1
-4520	1
-4519	1
-4514	1
-4513	1
-4512	1
-4511	1
-4508	1
-4500	1
-4499	1
-4494	1
-4493	1
-4492	1
-4489	3
-4483	1
-4474	1
-4472	1
-4470	1
-4467	1
-4462	1
-4459	1
-4457	1
-4455	1
-4453	1
-4450	2
-4449	1
-4448	1
-4445	1
-4443	2
-4441	2
-4440	2
-4439	2
-4437	2
-4436	2
-4435	1
-4434	1
-4432	1
-4420	1
-4419	1
-4413	1
-4412	1
-4404	3
-4402	2
-4401	1
-4397	2
-4395	1
-4393	2
-4390	1
-4388	1
-4387	1
-4385	1
-4382	2
-4380	1
-4379	1
-4376	1
-4373	1
-4372	1
-4370	1
-4364	2
-4363	1
-4359	1
-4356	1
-4355	3
-4354	2
-4349	1
-4347	1
-4345	3
-4344	1
-4343	1
-4342	1
-4341	1
-4338	1
-4337	2
-4333	1
-4332	2
-4330	1
-4329	1
-4326	1
-4324	1
-4322	1
-4318	1
-4316	2
-4315	1
-4314	1
-4313	1
-4312	1
-4310	1
-4308	1
-4303	2
-4302	1
-4301	1
-4299	1
-4298	1
-4297	2
-4296	1
-4294	1
-4291	1
-4289	1
-4286	1
-4285	1
-4283	2
-4282	1
-4281	1
-4280	1
-4278	2
-4277	1
-4274	2
-4270	1
-4269	1
-4268	2
-4265	1
-4262	1
-4258	1
-4257	4
-4256	1
-4255	1
-4254	1
-4253	1
-4251	1
-4249	2
-4247	1
-4246	2
-4245	1
-4244	1
-4243	1
-4242	1
-4241	4
-4238	1
-4232	2
-4231	1
-4229	1
-4227	2
-4226	1
-4221	1
-4220	1
-4219	2
-4218	2
-4217	2
-4216	2
-4215	1
-4214	1
-4213	1
-4208	2
-4207	1
-4206	1
-4205	1
-4204	2
-4201	1
-4200	1
-4199	1
-4196	2
-4195	2
-4194	2
-4193	3
-4192	2
-4191	1
-4190	2
-4186	2
-4185	1
-4182	1
-4181	1
-4180	4
-4178	3
-4177	2
-4175	1
-4173	1
-4172	2
-4169	3
-4168	1
-4167	1
-4164	1
-4163	2
-4162	1
-4160	2
-4159	3
-4154	2
-4153	3
-4151	1
-4150	3
-4149	1
-4147	1
-4139	1
-4138	1
-4135	2
-4134	2
-4133	1
-4132	1
-4131	1
-4130	1
-4129	1
-4128	1
-4126	1
-4125	1
-4124	1
-4121	1
-4120	1
-4119	3
-4118	3
-4117	2
-4115	3
-4114	1
-4111	2
-4110	2
-4109	2
-4108	1
-4107	2
-4106	1
-4104	2
-4103	2
-4102	1
-4100	2
-4099	2
-4098	1
-4097	1
-4096	2
-4095	2
-4094	2
-4091	3
-4090	2
-4089	1
-4087	1
-4085	1
-4084	1
-4082	1
-4081	1
-4080	1
-4079	1
-4078	1
-4077	2
-4076	2
-4070	3
-4068	2
-4066	2
-4065	1
-4062	1
-4058	1
-4056	1
-4055	4
-4054	1
-4053	2
-4052	2
-4051	2
-4050	1
-4049	1
-4047	1
-4045	1
-4043	2
-4042	1
-4038	1
-4037	1
-4036	1
-4035	3
-4034	2
-4033	1
-4032	1
-4031	1
-4026	1
-4025	1
-4024	1
-4022	2
-4021	2
-4018	3
-4015	1
-4014	1
-4013	2
-4011	1
-4010	2
-4009	1
-4007	1
-4006	1
-4005	1
-4003	2
-4002	1
-4001	2
-3999	1
-3998	1
-3997	1
-3996	1
-3995	2
-3994	2
-3993	3
-3992	1
-3991	1
-3990	2
-3989	1
-3986	1
-3985	1
-3984	2
-3983	1
-3980	2
-3977	2
-3976	5
-3975	2
-3974	2
-3971	2
-3970	2
-3969	1
-3967	1
-3966	1
-3965	2
-3964	1
-3962	3
-3960	1
-3959	1
-3957	2
-3956	2
-3952	1
-3951	1
-3950	1
-3949	1
-3948	1
-3945	2
-3944	1
-3943	1
-3942	1
-3940	2
-3938	1
-3936	1
-3934	1
-3930	3
-3928	2
-3925	2
-3922	2
-3921	1
-3919	1
-3917	2
-3916	1
-3913	1
-3912	1
-3911	1
-3910	3
-3909	1
-3908	1
-3907	3
-3906	2
-3904	2
-3903	2
-3901	2
-3899	3
-3897	3
-3895	1
-3892	2
-3891	2
-3890	3
-3889	1
-3888	1
-3886	3
-3885	2
-3884	2
-3883	1
-3882	1
-3881	2
-3880	2
-3879	1
-3878	1
-3876	4
-3875	1
-3874	1
-3872	1
-3871	2
-3869	2
-3868	2
-3867	2
-3865	1
-3863	1
-3862	1
-3860	1
-3859	2
-3856	2
-3855	1
-3853	2
-3851	1
-3850	2
-3849	3
-3847	2
-3846	3
-3845	4
-3843	5
-3842	4
-3841	2
-3839	1
-3838	2
-3837	1
-3836	3
-3835	3
-3834	4
-3832	1
-3831	4
-3830	5
-3829	3
-3827	1
-3826	2
-3825	3
-3824	2
-3823	3
-3822	1
-3821	1
-3820	3
-3818	2
-3817	3
-3816	3
-3815	2
-3814	3
-3813	3
-3812	2
-3811	2
-3810	2
-3809	3
-3808	1
-3807	5
-3806	2
-3804	1
-3803	2
-3802	2
-3801	2
-3800	2
-3799	2
-3798	2
-3797	1
-3793	3
-3792	1
-3791	4
-3790	2
-3789	3
-3788	4
-3787	3
-3786	2
-3785	1
-3784	2
-3783	2
-3782	1
-3781	2
-3780	2
-3779	1
-3778	1
-3777	2
-3776	3
-3774	1
-3773	3
-3772	1
-3771	2
-3769	2
-3768	3
-3766	5
-3764	3
-3763	2
-3762	2
-3761	1
-3760	2
-3759	1
-3758	2
-3757	1
-3755	3
-3753	3
-3752	1
-3751	2
-3750	1
-3749	1
-3747	1
-3746	1
-3745	2
-3744	2
-3743	2
-3742	2
-3741	1
-3740	4
-3739	1
-3738	1
-3737	3
-3736	2
-3735	1
-3734	2
-3733	4
-3731	2
-3730	1
-3729	1
-3728	2
-3727	2
-3726	2
-3725	2
-3724	2
-3723	1
-3721	5
-3720	1
-3719	4
-3718	1
-3717	2
-3716	5
-3715	1
-3713	1
-3712	2
-3711	1
-3710	2
-3709	2
-3708	1
-3707	1
-3704	3
-3703	3
-3702	2
-3701	3
-3700	1
-3699	2
-3697	1
-3696	2
-3695	2
-3694	2
-3693	2
-3692	2
-3690	2
-3689	3
-3688	4
-3687	2
-3686	2
-3685	2
-3683	2
-3682	1
-3681	2
-3680	1
-3679	3
-3677	1
-3676	4
-3675	1
-3674	2
-3672	2
-3671	2
-3670	1
-3667	2
-3666	2
-3665	2
-3663	2
-3661	2
-3660	2
-3659	2
-3658	5
-3657	2
-3656	3
-3654	1
-3653	3
-3652	2
-3650	3
-3649	4
-3647	1
-3646	3
-3645	4
-3644	5
-3643	4
-3642	6
-3641	2
-3640	2
-3639	3
-3638	3
-3637	4
-3636	2
-3635	1
-3634	2
-3633	2
-3632	3
-3631	1
-3629	1
-3628	2
-3627	3
-3626	3
-3624	1
-3622	3
-3621	1
-3620	3
-3619	2
-3618	3
-3617	2
-3616	4
-3615	2
-3614	4
-3610	4
-3609	1
-3608	3
-3607	1
-3606	2
-3605	3
-3604	3
-3603	2
-3602	1
-3601	3
-3600	5
-3599	2
-3598	3
-3597	3
-3596	2
-3595	2
-3592	2
-3591	3
-3590	4
-3589	2
-3588	5
-3587	3
-3586	2
-3585	4
-3584	1
-3583	3
-3582	2
-3581	4
-3580	3
-3578	3
-3577	1
-3576	2
-3575	3
-3574	2
-3573	2
-3572	3
-3571	7
-3570	2
-3569	1
-3568	2
-3567	4
-3566	1
-3565	3
-3564	5
-3563	4
-3562	3
-3561	2
-3560	5
-3559	3
-3558	3
-3557	4
-3556	2
-3555	5
-3554	3
-3553	2
-3551	6
-3550	3
-3549	2
-3548	4
-3547	3
-3546	1
-3545	1
-3544	3
-3543	1
-3542	2
-3541	3
-3540	2
-3539	3
-3538	1
-3537	1
-3536	1
-3535	1
-3534	5
-3533	1
-3532	4
-3531	4
-3530	3
-3529	2
-3528	2
-3527	1
-3526	2
-3525	2
-3524	1
-3523	3
-3522	7
-3521	1
-3520	2
-3519	5
-3518	2
-3517	1
-3516	3
-3515	3
-3514	3
-3513	1
-3512	1
-3510	2
-3509	4
-3507	3
-3506	1
-3505	2
-3504	2
-3503	3
-3502	5
-3501	1
-3500	1
-3499	3
-3498	4
-3497	3
-3496	1
-3495	3
-3494	5
-3492	2
-3491	2
-3490	2
-3489	3
-3488	9
-3487	1
-3486	2
-3485	1
-3484	2
-3483	2
-3482	3
-3481	2
-3480	1
-3479	2
-3478	3
-3477	3
-3476	1
-3475	3
-3474	1
-3473	4
-3472	4
-3471	3
-3470	2
-3469	6
-3468	1
-3467	3
-3466	3
-3465	2
-3464	2
-3463	3
-3462	6
-3461	4
-3460	5
-3459	1
-3458	2
-3457	1
-3456	2
-3455	2
-3454	2
-3453	3
-3452	1
-3451	4
-3450	4
-3449	3
-3448	3
-3446	4
-3445	2
-3444	5
-3443	5
-3442	3
-3441	3
-3440	4
-3439	3
-3438	2
-3437	2
-3436	2
-3435	3
-3434	5
-3433	1
-3431	1
-3430	2
-3429	2
-3428	1
-3427	3
-3426	1
-3425	1
-3424	5
-3423	4
-3422	4
-3421	3
-3420	4
-3419	5
-3418	2
-3417	2
-3416	4
-3415	3
-3414	1
-3413	4
-3412	3
-3411	2
-3410	3
-3409	1
-3408	5
-3407	1
-3406	2
-3405	3
-3404	5
-3403	1
-3402	4
-3401	3
-3400	2
-3399	2
-3398	2
-3397	6
-3396	5
-3395	3
-3394	4
-3393	1
-3392	4
-3391	3
-3390	3
-3389	1
-3387	1
-3386	2
-3385	1
-3384	5
-3383	5
-3382	2
-3381	4
-3380	5
-3378	3
-3377	3
-3376	4
-3375	3
-3374	7
-3372	6
-3371	2
-3370	1
-3369	3
-3368	5
-3367	3
-3366	5
-3365	1
-3364	1
-3363	1
-3362	3
-3361	6
-3360	7
-3359	4
-3358	2
-3357	6
-3356	4
-3355	6
-3354	1
-3353	1
-3352	1
-3351	1
-3350	3
-3349	1
-3348	5
-3347	5
-3346	2
-3345	2
-3344	4
-3343	3
-3342	7
-3341	3
-3339	8
-3338	2
-3337	7
-3336	5
-3335	7
-3334	7
-3333	5
-3332	7
-3331	1
-3330	4
-3329	2
-3328	6
-3326	3
-3325	3
-3324	1
-3323	4
-3322	4
-3321	4
-3320	4
-3319	5
-3318	5
-3317	2
-3316	6
-3315	7
-3314	1
-3313	3
-3312	5
-3311	2
-3309	2
-3307	5
-3306	4
-3305	6
-3304	3
-3303	3
-3302	7
-3301	5
-3300	4
-3299	1
-3298	5
-3297	5
-3296	6
-3295	2
-3294	2
-3293	1
-3292	3
-3291	3
-3290	2
-3289	6
-3288	4
-3287	4
-3286	1
-3285	2
-3284	4
-3283	6
-3282	5
-3281	4
-3280	4
-3279	3
-3278	5
-3277	5
-3276	3
-3275	2
-3274	3
-3273	5
-3272	4
-3271	5
-3270	4
-3269	8
-3268	3
-3267	4
-3266	8
-3265	4
-3264	4
-3263	3
-3262	4
-3261	3
-3260	2
-3258	3
-3257	5
-3256	3
-3255	3
-3254	7
-3253	5
-3252	3
-3251	2
-3250	4
-3249	2
-3248	4
-3247	5
-3246	2
-3245	7
-3244	5
-3243	4
-3242	5
-3241	6
-3240	8
-3239	10
-3238	5
-3237	4
-3236	6
-3235	2
-3234	2
-3232	4
-3231	3
-3230	3
-3229	7
-3228	7
-3227	3
-3226	6
-3225	6
-3224	9
-3222	3
-3221	3
-3220	3
-3219	6
-3218	4
-3217	2
-3216	6
-3215	7
-3214	3
-3213	7
-3212	6
-3211	3
-3210	3
-3209	5
-3208	5
-3207	5
-3206	5
-3205	3
-3204	5
-3203	2
-3202	2
-3201	8
-3200	4
-3199	3
-3198	6
-3197	3
-3196	3
-3195	5
-3194	4
-3193	3
-3192	3
-3191	3
-3190	4
-3189	4
-3188	2
-3187	1
-3186	2
-3185	2
-3184	7
-3183	3
-3182	4
-3181	5
-3180	3
-3179	7
-3178	6
-3177	5
-3176	8
-3175	3
-3174	4
-3173	4
-3172	5
-3171	6
-3170	9
-3168	3
-3167	1
-3166	4
-3165	3
-3164	3
-3163	3
-3162	3
-3161	7
-3160	5
-3159	6
-3158	3
-3157	4
-3156	5
-3155	7
-3154	6
-3153	3
-3152	5
-3151	3
-3150	4
-3149	7
-3148	2
-3147	2
-3146	3
-3145	8
-3144	7
-3143	8
-3142	4
-3141	5
-3140	4
-3139	2
-3138	1
-3137	5
-3136	4
-3135	4
-3134	3
-3133	4
-3132	2
-3131	2
-3130	3
-3129	5
-3128	10
-3127	8
-3126	9
-3125	6
-3124	3
-3123	6
-3122	7
-3121	4
-3120	3
-3119	5
-3118	7
-3117	4
-3116	3
-3115	4
-3114	2
-3113	3
-3112	3
-3111	5
-3110	5
-3109	1
-3108	6
-3107	6
-3106	5
-3105	5
-3104	7
-3103	8
-3102	2
-3101	3
-3100	6
-3099	5
-3098	5
-3097	2
-3096	5
-3095	6
-3094	7
-3093	4
-3092	2
-3091	8
-3090	4
-3089	6
-3088	2
-3087	6
-3086	2
-3085	4
-3084	4
-3083	5
-3082	4
-3081	7
-3080	6
-3079	5
-3078	6
-3077	4
-3076	2
-3075	7
-3074	2
-3073	9
-3072	2
-3071	6
-3070	4
-3069	4
-3068	1
-3067	4
-3066	6
-3065	4
-3064	11
-3063	6
-3062	7
-3061	6
-3060	9
-3059	4
-3058	7
-3057	7
-3056	2
-3055	5
-3054	4
-3053	8
-3052	4
-3051	6
-3050	8
-3049	5
-3048	8
-3047	3
-3046	3
-3045	9
-3044	4
-3043	2
-3042	7
-3041	7
-3040	4
-3039	8
-3038	6
-3037	9
-3036	3
-3035	8
-3034	8
-3033	6
-3032	8
-3031	5
-3030	4
-3029	5
-3028	12
-3027	8
-3026	10
-3025	5
-3024	4
-3023	10
-3022	9
-3021	2
-3020	1
-3019	6
-3018	6
-3017	3
-3016	5
-3015	5
-3014	7
-3013	6
-3012	5
-3011	6
-3010	7
-3009	6
-3008	6
-3007	10
-3006	11
-3005	3
-3004	8
-3003	6
-3002	6
-3001	6
-3000	4
-2999	3
-2998	7
-2997	8
-2996	5
-2995	2
-2994	7
-2993	8
-2992	6
-2991	3
-2990	8
-2989	7
-2988	5
-2987	9
-2986	8
-2985	7
-2984	7
-2983	2
-2982	9
-2981	12
-2980	6
-2979	2
-2978	7
-2977	6
-2976	2
-2975	5
-2974	6
-2973	6
-2972	6
-2971	5
-2970	4
-2969	5
-2968	6
-2967	8
-2966	11
-2965	12
-2964	9
-2963	12
-2962	5
-2961	13
-2960	2
-2959	5
-2958	7
-2957	6
-2956	6
-2955	6
-2954	10
-2953	6
-2952	9
-2951	5
-2950	7
-2949	9
-2948	6
-2947	8
-2946	3
-2945	11
-2944	6
-2943	7
-2942	8
-2941	9
-2940	9
-2939	6
-2938	4
-2937	4
-2936	1
-2935	10
-2934	4
-2933	5
-2932	7
-2931	5
-2930	4
-2929	7
-2928	5
-2927	5
-2926	8
-2925	8
-2924	9
-2923	4
-2922	6
-2921	2
-2920	5
-2919	5
-2918	8
-2917	5
-2916	4
-2915	4
-2914	5
-2913	8
-2912	4
-2911	9
-2910	9
-2909	9
-2908	10
-2907	5
-2906	9
-2905	4
-2904	7
-2903	6
-2902	11
-2901	3
-2900	7
-2899	5
-2898	6
-2897	11
-2896	9
-2895	10
-2894	5
-2893	6
-2892	7
-2891	5
-2890	9
-2889	9
-2888	6
-2887	11
-2886	10
-2885	8
-2884	10
-2883	11
-2882	7
-2881	9
-2880	1
-2879	5
-2878	9
-2877	9
-2876	15
-2875	6
-2874	5
-2873	4
-2872	11
-2871	6
-2870	11
-2869	7
-2868	9
-2867	6
-2866	4
-2865	4
-2864	14
-2863	7
-2862	8
-2861	9
-2860	10
-2859	6
-2858	2
-2857	17
-2856	8
-2855	9
-2854	6
-2853	12
-2852	9
-2851	7
-2850	7
-2849	8
-2848	9
-2847	6
-2846	5
-2845	8
-2844	8
-2843	7
-2842	4
-2841	5
-2840	12
-2839	7
-2838	6
-2837	8
-2836	9
-2835	14
-2834	6
-2833	2
-2832	9
-2831	14
-2830	4
-2829	4
-2828	10
-2827	6
-2826	6
-2825	8
-2824	6
-2823	11
-2822	13
-2821	11
-2820	8
-2819	9
-2818	10
-2817	9
-2816	9
-2815	10
-2814	14
-2813	10
-2812	11
-2811	11
-2810	6
-2809	9
-2808	5
-2807	7
-2806	5
-2805	7
-2804	4
-2803	6
-2802	15
-2801	8
-2800	9
-2799	6
-2798	15
-2797	8
-2796	7
-2795	11
-2794	16
-2793	8
-2792	7
-2791	9
-2790	8
-2789	6
-2788	11
-2787	3
-2786	5
-2785	11
-2784	9
-2783	5
-2782	8
-2781	11
-2780	10
-2779	11
-2778	10
-2777	9
-2776	13
-2775	6
-2774	11
-2773	6
-2772	11
-2771	10
-2770	6
-2769	10
-2768	14
-2767	10
-2766	7
-2765	11
-2764	10
-2763	5
-2762	9
-2761	7
-2760	11
-2759	5
-2758	9
-2757	4
-2756	10
-2755	9
-2754	9
-2753	7
-2752	7
-2751	8
-2750	6
-2749	9
-2748	5
-2747	10
-2746	13
-2745	8
-2744	8
-2743	11
-2742	11
-2741	10
-2740	8
-2739	9
-2738	10
-2737	11
-2736	6
-2735	6
-2734	14
-2733	9
-2732	13
-2731	9
-2730	8
-2729	13
-2728	8
-2727	10
-2726	10
-2725	5
-2724	11
-2723	10
-2722	5
-2721	14
-2720	17
-2719	7
-2718	11
-2717	10
-2716	13
-2715	4
-2714	6
-2713	6
-2712	9
-2711	16
-2710	12
-2709	12
-2708	13
-2707	15
-2706	11
-2705	12
-2704	11
-2703	14
-2702	12
-2701	11
-2700	13
-2699	12
-2698	7
-2697	8
-2696	7
-2695	6
-2694	13
-2693	14
-2692	12
-2691	11
-2690	11
-2689	16
-2688	8
-2687	13
-2686	10
-2685	6
-2684	11
-2683	14
-2682	9
-2681	6
-2680	8
-2679	9
-2678	7
-2677	8
-2676	6
-2675	10
-2674	4
-2673	16
-2672	17
-2671	11
-2670	14
-2669	8
-2668	9
-2667	16
-2666	13
-2665	7
-2664	16
-2663	10
-2662	8
-2661	7
-2660	9
-2659	13
-2658	8
-2657	13
-2656	8
-2655	15
-2654	7
-2653	11
-2652	6
-2651	23
-2650	11
-2649	11
-2648	15
-2647	14
-2646	17
-2645	19
-2644	13
-2643	9
-2642	8
-2641	7
-2640	7
-2639	9
-2638	13
-2637	12
-2636	16
-2635	8
-2634	9
-2633	6
-2632	18
-2631	17
-2630	14
-2629	12
-2628	13
-2627	8
-2626	9
-2625	11
-2624	13
-2623	8
-2622	17
-2621	10
-2620	9
-2619	8
-2618	8
-2617	14
-2616	14
-2615	8
-2614	9
-2613	11
-2612	12
-2611	7
-2610	9
-2609	11
-2608	6
-2607	7
-2606	9
-2605	12
-2604	8
-2603	14
-2602	10
-2601	11
-2600	16
-2599	13
-2598	12
-2597	12
-2596	15
-2595	13
-2594	9
-2593	13
-2592	6
-2591	10
-2590	13
-2589	10
-2588	12
-2587	6
-2586	12
-2585	14
-2584	14
-2583	19
-2582	14
-2581	13
-2580	7
-2579	12
-2578	17
-2577	7
-2576	19
-2575	15
-2574	13
-2573	5
-2572	18
-2571	18
-2570	8
-2569	11
-2568	16
-2567	10
-2566	12
-2565	19
-2564	19
-2563	11
-2562	10
-2561	11
-2560	11
-2559	14
-2558	13
-2557	10
-2556	17
-2555	9
-2554	8
-2553	11
-2552	11
-2551	12
-2550	11
-2549	16
-2548	14
-2547	10
-2546	9
-2545	13
-2544	11
-2543	20
-2542	18
-2541	12
-2540	12
-2539	12
-2538	6
-2537	20
-2536	22
-2535	16
-2534	11
-2533	13
-2532	11
-2531	17
-2530	21
-2529	11
-2528	15
-2527	17
-2526	17
-2525	10
-2524	13
-2523	16
-2522	17
-2521	13
-2520	12
-2519	17
-2518	14
-2517	16
-2516	17
-2515	19
-2514	12
-2513	14
-2512	12
-2511	14
-2510	22
-2509	17
-2508	9
-2507	14
-2506	13
-2505	11
-2504	8
-2503	15
-2502	20
-2501	21
-2500	14
-2499	20
-2498	16
-2497	13
-2496	9
-2495	18
-2494	14
-2493	13
-2492	14
-2491	8
-2490	10
-2489	11
-2488	19
-2487	11
-2486	10
-2485	14
-2484	17
-2483	12
-2482	19
-2481	13
-2480	12
-2479	11
-2478	22
-2477	15
-2476	11
-2475	19
-2474	21
-2473	13
-2472	7
-2471	16
-2470	16
-2469	18
-2468	19
-2467	13
-2466	20
-2465	16
-2464	19
-2463	16
-2462	21
-2461	17
-2460	7
-2459	17
-2458	17
-2457	25
-2456	11
-2455	20
-2454	18
-2453	10
-2452	12
-2451	17
-2450	22
-2449	17
-2448	14
-2447	19
-2446	19
-2445	19
-2444	12
-2443	25
-2442	20
-2441	17
-2440	19
-2439	19
-2438	12
-2437	10
-2436	24
-2435	14
-2434	19
-2433	18
-2432	16
-2431	10
-2430	19
-2429	16
-2428	20
-2427	11
-2426	16
-2425	20
-2424	18
-2423	14
-2422	22
-2421	28
-2420	24
-2419	16
-2418	22
-2417	13
-2416	18
-2415	17
-2414	24
-2413	23
-2412	14
-2411	10
-2410	20
-2409	13
-2408	17
-2407	21
-2406	17
-2405	15
-2404	18
-2403	20
-2402	16
-2401	27
-2400	18
-2399	18
-2398	17
-2397	17
-2396	19
-2395	19
-2394	26
-2393	16
-2392	15
-2391	16
-2390	16
-2389	12
-2388	20
-2387	13
-2386	16
-2385	19
-2384	19
-2383	18
-2382	12
-2381	24
-2380	11
-2379	11
-2378	10
-2377	23
-2376	29
-2375	13
-2374	12
-2373	12
-2372	15
-2371	16
-2370	18
-2369	19
-2368	11
-2367	26
-2366	12
-2365	16
-2364	18
-2363	16
-2362	23
-2361	14
-2360	18
-2359	13
-2358	19
-2357	16
-2356	24
-2355	15
-2354	16
-2353	20
-2352	15
-2351	18
-2350	16
-2349	23
-2348	21
-2347	26
-2346	23
-2345	21
-2344	17
-2343	18
-2342	18
-2341	18
-2340	20
-2339	15
-2338	17
-2337	20
-2336	19
-2335	19
-2334	16
-2333	22
-2332	14
-2331	24
-2330	28
-2329	23
-2328	17
-2327	15
-2326	29
-2325	13
-2324	21
-2323	20
-2322	24
-2321	17
-2320	15
-2319	26
-2318	22
-2317	26
-2316	18
-2315	22
-2314	23
-2313	25
-2312	19
-2311	16
-2310	23
-2309	13
-2308	23
-2307	21
-2306	19
-2305	24
-2304	24
-2303	19
-2302	21
-2301	14
-2300	20
-2299	19
-2298	23
-2297	18
-2296	30
-2295	20
-2294	24
-2293	23
-2292	17
-2291	30
-2290	31
-2289	11
-2288	30
-2287	22
-2286	18
-2285	21
-2284	16
-2283	18
-2282	26
-2281	21
-2280	23
-2279	16
-2278	17
-2277	18
-2276	30
-2275	22
-2274	23
-2273	14
-2272	24
-2271	21
-2270	23
-2269	25
-2268	22
-2267	19
-2266	24
-2265	21
-2264	27
-2263	17
-2262	16
-2261	22
-2260	26
-2259	19
-2258	33
-2257	23
-2256	23
-2255	25
-2254	15
-2253	23
-2252	27
-2251	23
-2250	22
-2249	21
-2248	17
-2247	33
-2246	22
-2245	15
-2244	16
-2243	32
-2242	16
-2241	29
-2240	23
-2239	15
-2238	22
-2237	29
-2236	21
-2235	18
-2234	26
-2233	21
-2232	21
-2231	22
-2230	24
-2229	32
-2228	29
-2227	23
-2226	19
-2225	30
-2224	24
-2223	24
-2222	23
-2221	32
-2220	21
-2219	30
-2218	22
-2217	28
-2216	21
-2215	30
-2214	26
-2213	20
-2212	20
-2211	25
-2210	24
-2209	22
-2208	27
-2207	30
-2206	20
-2205	22
-2204	26
-2203	27
-2202	22
-2201	31
-2200	20
-2199	25
-2198	33
-2197	26
-2196	26
-2195	32
-2194	31
-2193	23
-2192	23
-2191	14
-2190	19
-2189	29
-2188	21
-2187	28
-2186	34
-2185	35
-2184	37
-2183	19
-2182	29
-2181	22
-2180	31
-2179	26
-2178	23
-2177	31
-2176	25
-2175	29
-2174	33
-2173	29
-2172	29
-2171	26
-2170	33
-2169	31
-2168	24
-2167	19
-2166	25
-2165	35
-2164	22
-2163	34
-2162	21
-2161	28
-2160	26
-2159	27
-2158	27
-2157	25
-2156	26
-2155	31
-2154	26
-2153	18
-2152	33
-2151	25
-2150	29
-2149	33
-2148	32
-2147	33
-2146	28
-2145	34
-2144	30
-2143	29
-2142	31
-2141	23
-2140	32
-2139	34
-2138	38
-2137	28
-2136	30
-2135	28
-2134	39
-2133	31
-2132	34
-2131	28
-2130	39
-2129	29
-2128	33
-2127	29
-2126	33
-2125	24
-2124	34
-2123	39
-2122	34
-2121	27
-2120	27
-2119	37
-2118	41
-2117	33
-2116	29
-2115	28
-2114	28
-2113	26
-2112	23
-2111	42
-2110	31
-2109	39
-2108	28
-2107	31
-2106	26
-2105	34
-2104	30
-2103	36
-2102	36
-2101	33
-2100	34
-2099	29
-2098	37
-2097	31
-2096	30
-2095	25
-2094	32
-2093	33
-2092	29
-2091	37
-2090	29
-2089	28
-2088	26
-2087	37
-2086	34
-2085	44
-2084	31
-2083	32
-2082	33
-2081	36
-2080	46
-2079	29
-2078	38
-2077	30
-2076	28
-2075	39
-2074	37
-2073	36
-2072	39
-2071	43
-2070	32
-2069	37
-2068	45
-2067	43
-2066	39
-2065	40
-2064	38
-2063	32
-2062	30
-2061	28
-2060	29
-2059	35
-2058	31
-2057	38
-2056	34
-2055	34
-2054	33
-2053	62
-2052	35
-2051	37
-2050	27
-2049	33
-2048	34
-2047	29
-2046	30
-2045	34
-2044	37
-2043	29
-2042	30
-2041	22
-2040	41
-2039	35
-2038	32
-2037	38
-2036	29
-2035	33
-2034	33
-2033	40
-2032	47
-2031	43
-2030	31
-2029	39
-2028	44
-2027	30
-2026	32
-2025	41
-2024	35
-2023	34
-2022	41
-2021	46
-2020	36
-2019	30
-2018	29
-2017	36
-2016	43
-2015	40
-2014	39
-2013	35
-2012	42
-2011	45
-2010	36
-2009	31
-2008	38
-2007	34
-2006	34
-2005	44
-2004	48
-2003	41
-2002	26
-2001	52
-2000	33
-1999	30
-1998	32
-1997	36
-1996	43
-1995	55
-1994	34
-1993	48
-1992	49
-1991	36
-1990	32
-1989	36
-1988	43
-1987	37
-1986	52
-1985	37
-1984	35
-1983	33
-1982	42
-1981	39
-1980	31
-1979	39
-1978	40
-1977	43
-1976	53
-1975	32
-1974	41
-1973	54
-1972	38
-1971	44
-1970	51
-1969	45
-1968	47
-1967	50
-1966	43
-1965	44
-1964	42
-1963	38
-1962	46
-1961	41
-1960	42
-1959	44
-1958	38
-1957	39
-1956	37
-1955	52
-1954	38
-1953	47
-1952	47
-1951	43
-1950	41
-1949	45
-1948	41
-1947	36
-1946	53
-1945	48
-1944	39
-1943	37
-1942	46
-1941	40
-1940	50
-1939	33
-1938	59
-1937	34
-1936	60
-1935	45
-1934	34
-1933	34
-1932	33
-1931	54
-1930	47
-1929	41
-1928	48
-1927	42
-1926	41
-1925	56
-1924	45
-1923	39
-1922	41
-1921	40
-1920	43
-1919	52
-1918	47
-1917	39
-1916	51
-1915	41
-1914	46
-1913	50
-1912	43
-1911	42
-1910	43
-1909	39
-1908	57
-1907	41
-1906	48
-1905	52
-1904	40
-1903	45
-1902	43
-1901	63
-1900	50
-1899	47
-1898	50
-1897	45
-1896	51
-1895	38
-1894	50
-1893	52
-1892	55
-1891	50
-1890	43
-1889	44
-1888	52
-1887	49
-1886	50
-1885	50
-1884	47
-1883	56
-1882	52
-1881	55
-1880	45
-1879	38
-1878	56
-1877	41
-1876	65
-1875	45
-1874	46
-1873	44
-1872	54
-1871	51
-1870	40
-1869	53
-1868	57
-1867	62
-1866	48
-1865	60
-1864	56
-1863	49
-1862	61
-1861	47
-1860	42
-1859	71
-1858	62
-1857	60
-1856	48
-1855	59
-1854	53
-1853	53
-1852	61
-1851	51
-1850	61
-1849	49
-1848	56
-1847	47
-1846	61
-1845	46
-1844	58
-1843	58
-1842	52
-1841	77
-1840	66
-1839	46
-1838	41
-1837	59
-1836	77
-1835	47
-1834	61
-1833	53
-1832	54
-1831	43
-1830	50
-1829	48
-1828	61
-1827	61
-1826	63
-1825	52
-1824	57
-1823	58
-1822	52
-1821	65
-1820	59
-1819	59
-1818	51
-1817	63
-1816	55
-1815	51
-1814	56
-1813	48
-1812	54
-1811	48
-1810	53
-1809	52
-1808	62
-1807	70
-1806	69
-1805	57
-1804	51
-1803	66
-1802	62
-1801	50
-1800	41
-1799	54
-1798	62
-1797	65
-1796	65
-1795	54
-1794	73
-1793	61
-1792	48
-1791	52
-1790	68
-1789	60
-1788	57
-1787	49
-1786	63
-1785	62
-1784	67
-1783	59
-1782	68
-1781	64
-1780	62
-1779	61
-1778	54
-1777	51
-1776	68
-1775	57
-1774	68
-1773	61
-1772	63
-1771	70
-1770	55
-1769	51
-1768	52
-1767	74
-1766	55
-1765	64
-1764	55
-1763	62
-1762	53
-1761	55
-1760	50
-1759	73
-1758	56
-1757	59
-1756	53
-1755	63
-1754	55
-1753	72
-1752	60
-1751	56
-1750	53
-1749	72
-1748	60
-1747	57
-1746	57
-1745	49
-1744	70
-1743	77
-1742	79
-1741	69
-1740	57
-1739	59
-1738	60
-1737	73
-1736	62
-1735	82
-1734	63
-1733	62
-1732	72
-1731	77
-1730	75
-1729	72
-1728	77
-1727	68
-1726	68
-1725	87
-1724	62
-1723	70
-1722	86
-1721	84
-1720	69
-1719	70
-1718	61
-1717	62
-1716	73
-1715	71
-1714	67
-1713	74
-1712	63
-1711	83
-1710	86
-1709	75
-1708	61
-1707	64
-1706	78
-1705	77
-1704	62
-1703	81
-1702	74
-1701	68
-1700	77
-1699	81
-1698	62
-1697	77
-1696	71
-1695	68
-1694	72
-1693	71
-1692	80
-1691	77
-1690	68
-1689	51
-1688	88
-1687	66
-1686	82
-1685	79
-1684	90
-1683	79
-1682	78
-1681	76
-1680	84
-1679	79
-1678	75
-1677	70
-1676	77
-1675	78
-1674	80
-1673	70
-1672	94
-1671	86
-1670	77
-1669	64
-1668	92
-1667	70
-1666	84
-1665	68
-1664	64
-1663	85
-1662	84
-1661	76
-1660	69
-1659	76
-1658	72
-1657	86
-1656	79
-1655	78
-1654	90
-1653	76
-1652	72
-1651	80
-1650	85
-1649	78
-1648	93
-1647	91
-1646	62
-1645	78
-1644	79
-1643	92
-1642	88
-1641	80
-1640	69
-1639	77
-1638	81
-1637	74
-1636	96
-1635	99
-1634	94
-1633	96
-1632	71
-1631	91
-1630	75
-1629	85
-1628	86
-1627	88
-1626	77
-1625	105
-1624	80
-1623	83
-1622	82
-1621	77
-1620	88
-1619	73
-1618	95
-1617	90
-1616	68
-1615	104
-1614	82
-1613	65
-1612	80
-1611	82
-1610	67
-1609	85
-1608	61
-1607	80
-1606	81
-1605	94
-1604	99
-1603	85
-1602	89
-1601	83
-1600	91
-1599	88
-1598	84
-1597	81
-1596	93
-1595	81
-1594	82
-1593	78
-1592	84
-1591	94
-1590	92
-1589	93
-1588	105
-1587	88
-1586	88
-1585	93
-1584	91
-1583	110
-1582	103
-1581	99
-1580	85
-1579	113
-1578	111
-1577	97
-1576	100
-1575	98
-1574	88
-1573	99
-1572	94
-1571	93
-1570	90
-1569	95
-1568	87
-1567	96
-1566	103
-1565	90
-1564	100
-1563	94
-1562	90
-1561	114
-1560	103
-1559	107
-1558	86
-1557	98
-1556	86
-1555	100
-1554	89
-1553	95
-1552	91
-1551	87
-1550	105
-1549	103
-1548	114
-1547	98
-1546	84
-1545	79
-1544	123
-1543	107
-1542	74
-1541	108
-1540	118
-1539	84
-1538	93
-1537	105
-1536	103
-1535	92
-1534	101
-1533	99
-1532	108
-1531	89
-1530	101
-1529	95
-1528	101
-1527	88
-1526	122
-1525	107
-1524	114
-1523	113
-1522	125
-1521	109
-1520	122
-1519	90
-1518	99
-1517	109
-1516	105
-1515	122
-1514	86
-1513	93
-1512	111
-1511	105
-1510	101
-1509	114
-1508	120
-1507	103
-1506	127
-1505	89
-1504	112
-1503	115
-1502	105
-1501	79
-1500	93
-1499	115
-1498	113
-1497	90
-1496	117
-1495	108
-1494	113
-1493	120
-1492	124
-1491	114
-1490	109
-1489	115
-1488	108
-1487	113
-1486	107
-1485	112
-1484	94
-1483	130
-1482	114
-1481	95
-1480	114
-1479	131
-1478	121
-1477	116
-1476	115
-1475	126
-1474	112
-1473	124
-1472	105
-1471	108
-1470	108
-1469	119
-1468	119
-1467	96
-1466	118
-1465	116
-1464	103
-1463	118
-1462	118
-1461	126
-1460	125
-1459	133
-1458	108
-1457	115
-1456	138
-1455	116
-1454	124
-1453	124
-1452	118
-1451	117
-1450	115
-1449	109
-1448	124
-1447	117
-1446	104
-1445	129
-1444	107
-1443	105
-1442	142
-1441	126
-1440	122
-1439	118
-1438	116
-1437	125
-1436	119
-1435	113
-1434	114
-1433	131
-1432	109
-1431	123
-1430	114
-1429	119
-1428	120
-1427	126
-1426	146
-1425	120
-1424	129
-1423	139
-1422	121
-1421	137
-1420	126
-1419	121
-1418	125
-1417	134
-1416	129
-1415	132
-1414	128
-1413	121
-1412	137
-1411	144
-1410	122
-1409	139
-1408	119
-1407	112
-1406	134
-1405	141
-1404	120
-1403	119
-1402	126
-1401	146
-1400	148
-1399	122
-1398	128
-1397	143
-1396	143
-1395	136
-1394	146
-1393	147
-1392	128
-1391	136
-1390	143
-1389	145
-1388	149
-1387	110
-1386	115
-1385	138
-1384	140
-1383	124
-1382	132
-1381	136
-1380	150
-1379	140
-1378	120
-1377	149
-1376	151
-1375	124
-1374	155
-1373	138
-1372	158
-1371	140
-1370	121
-1369	143
-1368	142
-1367	144
-1366	138
-1365	143
-1364	146
-1363	157
-1362	154
-1361	138
-1360	173
-1359	157
-1358	122
-1357	126
-1356	137
-1355	135
-1354	157
-1353	143
-1352	168
-1351	141
-1350	136
-1349	149
-1348	152
-1347	149
-1346	143
-1345	143
-1344	134
-1343	147
-1342	147
-1341	150
-1340	152
-1339	157
-1338	160
-1337	152
-1336	170
-1335	176
-1334	152
-1333	149
-1332	157
-1331	162
-1330	152
-1329	132
-1328	154
-1327	172
-1326	158
-1325	169
-1324	167
-1323	147
-1322	152
-1321	152
-1320	163
-1319	143
-1318	157
-1317	147
-1316	120
-1315	170
-1314	160
-1313	151
-1312	169
-1311	165
-1310	148
-1309	152
-1308	146
-1307	149
-1306	158
-1305	154
-1304	173
-1303	174
-1302	151
-1301	170
-1300	181
-1299	148
-1298	169
-1297	138
-1296	137
-1295	141
-1294	151
-1293	174
-1292	174
-1291	200
-1290	159
-1289	168
-1288	158
-1287	180
-1286	186
-1285	178
-1284	174
-1283	157
-1282	185
-1281	163
-1280	164
-1279	148
-1278	192
-1277	159
-1276	162
-1275	177
-1274	169
-1273	169
-1272	197
-1271	170
-1270	165
-1269	168
-1268	157
-1267	146
-1266	193
-1265	173
-1264	174
-1263	170
-1262	183
-1261	199
-1260	181
-1259	202
-1258	165
-1257	181
-1256	157
-1255	167
-1254	179
-1253	199
-1252	193
-1251	169
-1250	165
-1249	186
-1248	190
-1247	168
-1246	185
-1245	170
-1244	191
-1243	172
-1242	178
-1241	186
-1240	199
-1239	174
-1238	176
-1237	201
-1236	181
-1235	163
-1234	167
-1233	192
-1232	171
-1231	155
-1230	179
-1229	219
-1228	177
-1227	170
-1226	196
-1225	194
-1224	177
-1223	175
-1222	192
-1221	206
-1220	188
-1219	202
-1218	195
-1217	180
-1216	191
-1215	172
-1214	197
-1213	197
-1212	187
-1211	183
-1210	179
-1209	176
-1208	207
-1207	186
-1206	194
-1205	205
-1204	180
-1203	198
-1202	191
-1201	181
-1200	227
-1199	215
-1198	172
-1197	195
-1196	201
-1195	197
-1194	201
-1193	193
-1192	204
-1191	179
-1190	195
-1189	209
-1188	204
-1187	205
-1186	207
-1185	195
-1184	189
-1183	180
-1182	206
-1181	168
-1180	195
-1179	190
-1178	205
-1177	196
-1176	200
-1175	189
-1174	204
-1173	202
-1172	229
-1171	195
-1170	213
-1169	203
-1168	207
-1167	206
-1166	213
-1165	189
-1164	217
-1163	219
-1162	205
-1161	188
-1160	228
-1159	229
-1158	205
-1157	197
-1156	211
-1155	204
-1154	224
-1153	190
-1152	217
-1151	213
-1150	210
-1149	227
-1148	202
-1147	178
-1146	217
-1145	225
-1144	195
-1143	197
-1142	210
-1141	205
-1140	208
-1139	237
-1138	216
-1137	219
-1136	211
-1135	231
-1134	235
-1133	224
-1132	195
-1131	237
-1130	214
-1129	203
-1128	232
-1127	213
-1126	217
-1125	233
-1124	209
-1123	224
-1122	219
-1121	204
-1120	199
-1119	208
-1118	224
-1117	229
-1116	213
-1115	241
-1114	250
-1113	234
-1112	211
-1111	206
-1110	221
-1109	235
-1108	218
-1107	226
-1106	216
-1105	219
-1104	232
-1103	230
-1102	235
-1101	213
-1100	244
-1099	201
-1098	236
-1097	232
-1096	207
-1095	226
-1094	240
-1093	244
-1092	228
-1091	233
-1090	241
-1089	226
-1088	244
-1087	232
-1086	232
-1085	245
-1084	234
-1083	208
-1082	263
-1081	251
-1080	235
-1079	260
-1078	215
-1077	263
-1076	240
-1075	237
-1074	245
-1073	268
-1072	233
-1071	240
-1070	248
-1069	246
-1068	220
-1067	248
-1066	239
-1065	267
-1064	249
-1063	228
-1062	243
-1061	252
-1060	282
-1059	233
-1058	256
-1057	267
-1056	222
-1055	228
-1054	247
-1053	272
-1052	247
-1051	219
-1050	258
-1049	260
-1048	274
-1047	242
-1046	218
-1045	272
-1044	249
-1043	224
-1042	256
-1041	250
-1040	229
-1039	258
-1038	285
-1037	282
-1036	290
-1035	240
-1034	256
-1033	255
-1032	266
-1031	296
-1030	260
-1029	261
-1028	251
-1027	248
-1026	245
-1025	273
-1024	261
-1023	208
-1022	268
-1021	260
-1020	263
-1019	220
-1018	278
-1017	268
-1016	273
-1015	252
-1014	250
-1013	258
-1012	280
-1011	252
-1010	266
-1009	247
-1008	276
-1007	270
-1006	250
-1005	237
-1004	259
-1003	241
-1002	250
-1001	270
-1000	295
-999	291
-998	270
-997	258
-996	262
-995	269
-994	288
-993	254
-992	265
-991	288
-990	268
-989	273
-988	259
-987	299
-986	241
-985	280
-984	288
-983	286
-982	266
-981	245
-980	289
-979	275
-978	280
-977	270
-976	275
-975	275
-974	278
-973	246
-972	269
-971	287
-970	283
-969	252
-968	288
-967	296
-966	296
-965	286
-964	288
-963	317
-962	282
-961	283
-960	288
-959	260
-958	284
-957	298
-956	264
-955	264
-954	277
-953	273
-952	293
-951	314
-950	302
-949	310
-948	256
-947	319
-946	284
-945	259
-944	297
-943	293
-942	291
-941	302
-940	298
-939	307
-938	315
-937	292
-936	306
-935	325
-934	302
-933	316
-932	288
-931	286
-930	265
-929	284
-928	303
-927	297
-926	328
-925	320
-924	263
-923	312
-922	280
-921	335
-920	301
-919	333
-918	317
-917	324
-916	303
-915	329
-914	290
-913	333
-912	312
-911	303
-910	350
-909	327
-908	332
-907	300
-906	315
-905	314
-904	333
-903	297
-902	332
-901	330
-900	341
-899	304
-898	310
-897	352
-896	323
-895	285
-894	330
-893	350
-892	296
-891	318
-890	318
-889	314
-888	269
-887	326
-886	334
-885	347
-884	310
-883	314
-882	314
-881	297
-880	313
-879	355
-878	349
-877	337
-876	329
-875	323
-874	306
-873	329
-872	366
-871	297
-870	330
-869	322
-868	378
-867	340
-866	342
-865	317
-864	359
-863	339
-862	330
-861	347
-860	315
-859	332
-858	347
-857	355
-856	340
-855	313
-854	331
-853	336
-852	319
-851	350
-850	339
-849	342
-848	322
-847	355
-846	360
-845	324
-844	359
-843	330
-842	351
-841	368
-840	356
-839	314
-838	331
-837	322
-836	321
-835	338
-834	364
-833	353
-832	356
-831	347
-830	367
-829	317
-828	356
-827	366
-826	351
-825	339
-824	354
-823	376
-822	378
-821	334
-820	381
-819	344
-818	353
-817	333
-816	349
-815	372
-814	337
-813	327
-812	350
-811	370
-810	364
-809	355
-808	342
-807	403
-806	385
-805	364
-804	376
-803	392
-802	362
-801	351
-800	356
-799	391
-798	344
-797	364
-796	360
-795	356
-794	383
-793	310
-792	389
-791	415
-790	379
-789	365
-788	372
-787	409
-786	407
-785	369
-784	389
-783	362
-782	394
-781	367
-780	351
-779	385
-778	360
-777	396
-776	413
-775	383
-774	383
-773	392
-772	419
-771	370
-770	380
-769	407
-768	350
-767	345
-766	433
-765	373
-764	375
-763	397
-762	404
-761	414
-760	394
-759	372
-758	376
-757	399
-756	349
-755	368
-754	402
-753	403
-752	380
-751	431
-750	373
-749	385
-748	387
-747	383
-746	351
-745	415
-744	390
-743	385
-742	382
-741	376
-740	391
-739	376
-738	425
-737	421
-736	399
-735	409
-734	382
-733	410
-732	415
-731	394
-730	419
-729	460
-728	411
-727	418
-726	399
-725	412
-724	435
-723	405
-722	408
-721	418
-720	420
-719	402
-718	420
-717	447
-716	395
-715	406
-714	413
-713	435
-712	420
-711	410
-710	388
-709	423
-708	430
-707	409
-706	428
-705	448
-704	395
-703	415
-702	408
-701	452
-700	436
-699	404
-698	425
-697	429
-696	439
-695	405
-694	404
-693	394
-692	436
-691	400
-690	395
-689	424
-688	451
-687	417
-686	431
-685	424
-684	428
-683	457
-682	437
-681	441
-680	449
-679	414
-678	399
-677	435
-676	444
-675	394
-674	444
-673	490
-672	496
-671	474
-670	446
-669	472
-668	445
-667	444
-666	430
-665	437
-664	440
-663	450
-662	439
-661	434
-660	415
-659	474
-658	417
-657	490
-656	468
-655	485
-654	459
-653	425
-652	416
-651	412
-650	428
-649	425
-648	481
-647	484
-646	437
-645	459
-644	460
-643	485
-642	458
-641	402
-640	449
-639	482
-638	460
-637	486
-636	481
-635	444
-634	450
-633	464
-632	440
-631	477
-630	453
-629	450
-628	489
-627	488
-626	494
-625	423
-624	473
-623	511
-622	455
-621	444
-620	470
-619	466
-618	440
-617	476
-616	450
-615	496
-614	452
-613	411
-612	468
-611	439
-610	461
-609	433
-608	426
-607	464
-606	520
-605	465
-604	454
-603	450
-602	478
-601	429
-600	490
-599	468
-598	484
-597	477
-596	489
-595	457
-594	495
-593	472
-592	424
-591	491
-590	497
-589	504
-588	462
-587	484
-586	469
-585	456
-584	431
-583	456
-582	463
-581	481
-580	511
-579	473
-578	470
-577	532
-576	439
-575	470
-574	462
-573	455
-572	483
-571	479
-570	468
-569	526
-568	486
-567	482
-566	463
-565	558
-564	491
-563	481
-562	536
-561	530
-560	510
-559	487
-558	508
-557	561
-556	503
-555	470
-554	479
-553	516
-552	465
-551	514
-550	503
-549	557
-548	488
-547	503
-546	471
-545	505
-544	476
-543	528
-542	505
-541	531
-540	504
-539	499
-538	513
-537	498
-536	538
-535	491
-534	502
-533	486
-532	539
-531	517
-530	543
-529	522
-528	520
-527	484
-526	505
-525	530
-524	525
-523	457
-522	503
-521	513
-520	542
-519	516
-518	521
-517	564
-516	522
-515	530
-514	498
-513	469
-512	527
-511	520
-510	498
-509	518
-508	539
-507	504
-506	508
-505	490
-504	564
-503	534
-502	518
-501	523
-500	504
-499	561
-498	511
-497	555
-496	552
-495	540
-494	524
-493	509
-492	524
-491	528
-490	514
-489	529
-488	560
-487	605
-486	548
-485	565
-484	539
-483	547
-482	522
-481	538
-480	560
-479	538
-478	546
-477	566
-476	561
-475	525
-474	589
-473	541
-472	573
-471	568
-470	554
-469	564
-468	527
-467	545
-466	575
-465	510
-464	553
-463	605
-462	546
-461	557
-460	580
-459	574
-458	535
-457	554
-456	543
-455	537
-454	562
-453	556
-452	570
-451	557
-450	574
-449	549
-448	557
-447	577
-446	586
-445	562
-444	549
-443	570
-442	583
-441	519
-440	577
-439	547
-438	586
-437	523
-436	537
-435	528
-434	596
-433	563
-432	575
-431	560
-430	546
-429	556
-428	602
-427	573
-426	578
-425	588
-424	559
-423	528
-422	574
-421	589
-420	570
-419	573
-418	576
-417	580
-416	586
-415	550
-414	560
-413	539
-412	572
-411	582
-410	557
-409	576
-408	549
-407	569
-406	559
-405	579
-404	545
-403	547
-402	578
-401	595
-400	586
-399	497
-398	532
-397	637
-396	565
-395	596
-394	578
-393	604
-392	582
-391	561
-390	578
-389	583
-388	597
-387	577
-386	609
-385	556
-384	577
-383	582
-382	595
-381	618
-380	564
-379	586
-378	557
-377	594
-376	584
-375	602
-374	597
-373	622
-372	657
-371	564
-370	612
-369	604
-368	587
-367	542
-366	604
-365	560
-364	607
-363	599
-362	618
-361	632
-360	604
-359	608
-358	549
-357	595
-356	617
-355	568
-354	586
-353	571
-352	588
-351	587
-350	611
-349	568
-348	605
-347	566
-346	577
-345	613
-344	637
-343	587
-342	616
-341	668
-340	613
-339	563
-338	623
-337	621
-336	635
-335	592
-334	625
-333	612
-332	632
-331	606
-330	618
-329	665
-328	613
-327	672
-326	629
-325	582
-324	620
-323	628
-322	589
-321	599
-320	664
-319	629
-318	606
-317	581
-316	595
-315	629
-314	643
-313	638
-312	655
-311	659
-310	620
-309	604
-308	627
-307	652
-306	632
-305	647
-304	682
-303	666
-302	606
-301	574
-300	643
-299	664
-298	602
-297	621
-296	588
-295	688
-294	665
-293	617
-292	604
-291	652
-290	596
-289	624
-288	616
-287	634
-286	636
-285	641
-284	637
-283	669
-282	646
-281	621
-280	634
-279	621
-278	706
-277	645
-276	651
-275	644
-274	685
-273	623
-272	680
-271	657
-270	698
-269	627
-268	648
-267	635
-266	645
-265	613
-264	637
-263	626
-262	665
-261	652
-260	656
-259	611
-258	730
-257	599
-256	641
-255	612
-254	626
-253	643
-252	639
-251	650
-250	674
-249	610
-248	681
-247	633
-246	635
-245	627
-244	644
-243	644
-242	658
-241	632
-240	689
-239	680
-238	695
-237	648
-236	699
-235	642
-234	650
-233	695
-232	653
-231	654
-230	643
-229	707
-228	645
-227	659
-226	649
-225	709
-224	701
-223	656
-222	622
-221	694
-220	628
-219	635
-218	628
-217	709
-216	642
-215	653
-214	646
-213	686
-212	682
-211	680
-210	623
-209	713
-208	659
-207	696
-206	690
-205	661
-204	688
-203	686
-202	606
-201	680
-200	666
-199	649
-198	653
-197	682
-196	713
-195	651
-194	652
-193	706
-192	698
-191	619
-190	683
-189	635
-188	732
-187	681
-186	663
-185	647
-184	708
-183	677
-182	686
-181	659
-180	707
-179	655
-178	692
-177	677
-176	671
-175	701
-174	639
-173	666
-172	748
-171	648
-170	672
-169	657
-168	723
-167	659
-166	620
-165	689
-164	713
-163	702
-162	661
-161	657
-160	679
-159	710
-158	659
-157	676
-156	694
-155	690
-154	692
-153	736
-152	664
-151	658
-150	645
-149	701
-148	670
-147	696
-146	679
-145	647
-144	658
-143	696
-142	686
-141	655
-140	649
-139	702
-138	680
-137	702
-136	674
-135	647
-134	688
-133	691
-132	655
-131	746
-130	711
-129	749
-128	625
-127	695
-126	672
-125	690
-124	669
-123	684
-122	712
-121	688
-120	688
-119	704
-118	702
-117	679
-116	697
-115	698
-114	721
-113	699
-112	665
-111	668
-110	766
-109	694
-108	677
-107	678
-106	686
-105	687
-104	727
-103	680
-102	676
-101	662
-100	635
-99	673
-98	717
-97	657
-96	633
-95	718
-94	721
-93	703
-92	668
-91	712
-90	760
-89	663
-88	689
-87	670
-86	759
-85	679
-84	701
-83	660
-82	706
-81	687
-80	697
-79	669
-78	689
-77	714
-76	685
-75	735
-74	726
-73	708
-72	681
-71	664
-70	705
-69	721
-68	691
-67	710
-66	670
-65	734
-64	732
-63	635
-62	699
-61	742
-60	697
-59	698
-58	678
-57	767
-56	692
-55	673
-54	661
-53	772
-52	708
-51	723
-50	687
-49	741
-48	694
-47	686
-46	682
-45	729
-44	696
-43	719
-42	670
-41	684
-40	664
-39	678
-38	680
-37	716
-36	729
-35	698
-34	688
-33	722
-32	706
-31	693
-30	684
-29	689
-28	698
-27	683
-26	698
-25	753
-24	751
-23	659
-22	706
-21	702
-20	720
-19	714
-18	676
-17	699
-16	787
-15	675
-14	725
-13	682
-12	733
-11	628
-10	697
-9	729
-8	703
-7	703
-6	722
-5	671
-4	796
-3	681
-2	671
-1	726
0	1106
1	708
2	674
3	759
4	697
5	686
6	679
7	646
8	686
9	717
10	654
11	676
12	725
13	743
14	717
15	691
16	750
17	709
18	730
19	659
20	767
21	686
22	732
23	717
24	686
25	690
26	702
27	676
28	700
29	733
30	666
31	680
32	740
33	720
34	676
35	729
36	692
37	694
38	650
39	688
40	670
41	744
42	687
43	727
44	718
45	695
46	674
47	717
48	686
49	701
50	665
51	622
52	678
53	694
54	678
55	688
56	711
57	743
58	728
59	683
60	621
61	732
62	640
63	698
64	713
65	676
66	690
67	706
68	714
69	726
70	707
71	719
72	706
73	685
74	697
75	709
76	681
77	716
78	748
79	703
80	699
81	673
82	709
83	662
84	661
85	651
86	747
87	704
88	675
89	702
90	677
91	673
92	717
93	651
94	705
95	699
96	694
97	651
98	693
99	711
100	668
101	695
102	774
103	647
104	724
105	648
106	682
107	704
108	709
109	716
110	729
111	666
112	714
113	695
114	667
115	711
116	746
117	638
118	696
119	713
120	691
121	701
122	734
123	751
124	659
125	617
126	680
127	678
128	693
129	631
130	709
131	729
132	690
133	700
134	703
135	715
136	664
137	686
138	663
139	735
140	691
141	649
142	630
143	695
144	667
145	638
146	640
147	667
148	657
149	639
150	662
151	701
152	681
153	599
154	697
155	695
156	658
157	715
158	640
159	642
160	670
161	635
162	666
163	654
164	704
165	679
166	663
167	649
168	637
169	648
170	660
171	646
172	643
173	691
174	725
175	638
176	703
177	642
178	655
179	623
180	618
181	674
182	646
183	637
184	697
185	671
186	648
187	627
188	669
189	676
190	638
191	671
192	697
193	634
194	647
195	633
196	716
197	726
198	666
199	679
200	654
201	690
202	615
203	595
204	646
205	631
206	695
207	595
208	628
209	634
210	673
211	653
212	641
213	658
214	654
215	680
216	633
217	678
218	629
219	618
220	650
221	690
222	679
223	655
224	664
225	657
226	616
227	624
228	637
229	684
230	633
231	667
232	670
233	601
234	616
235	629
236	599
237	659
238	631
239	627
240	622
241	639
242	655
243	639
244	615
245	632
246	619
247	600
248	654
249	656
250	682
251	572
252	627
253	638
254	594
255	617
256	638
257	643
258	687
259	604
260	615
261	636
262	655
263	671
264	629
265	601
266	666
267	642
268	622
269	610
270	731
271	626
272	617
273	619
274	664
275	612
276	622
277	618
278	572
279	639
280	608
281	578
282	639
283	631
284	607
285	613
286	627
287	657
288	619
289	598
290	596
291	622
292	589
293	557
294	605
295	611
296	659
297	580
298	620
299	669
300	593
301	599
302	611
303	602
304	583
305	595
306	626
307	620
308	618
309	563
310	611
311	560
312	601
313	605
314	592
315	603
316	568
317	609
318	582
319	640
320	601
321	560
322	627
323	543
324	631
325	543
326	559
327	610
328	531
329	592
330	566
331	575
332	579
333	545
334	634
335	592
336	576
337	586
338	596
339	616
340	615
341	569
342	547
343	588
344	596
345	584
346	630
347	558
348	621
349	598
350	625
351	608
352	612
353	595
354	589
355	584
356	645
357	618
358	543
359	614
360	612
361	539
362	612
363	593
364	617
365	574
366	569
367	567
368	564
369	564
370	573
371	571
372	559
373	592
374	565
375	571
376	566
377	577
378	559
379	553
380	593
381	568
382	548
383	556
384	573
385	579
386	541
387	550
388	557
389	522
390	556
391	572
392	589
393	546
394	558
395	553
396	557
397	567
398	572
399	543
400	577
401	612
402	598
403	535
404	527
405	569
406	590
407	524
408	573
409	553
410	568
411	543
412	542
413	583
414	590
415	567
416	501
417	575
418	596
419	579
420	537
421	546
422	575
423	499
424	541
425	549
426	577
427	520
428	541
429	565
430	561
431	508
432	542
433	550
434	572
435	534
436	492
437	509
438	531
439	535
440	558
441	505
442	546
443	534
444	541
445	550
446	547
447	536
448	487
449	509
450	492
451	512
452	599
453	552
454	538
455	590
456	534
457	547
458	532
459	518
460	489
461	521
462	527
463	547
464	599
465	496
466	504
467	536
468	521
469	504
470	504
471	548
472	559
473	510
474	506
475	527
476	518
477	509
478	524
479	590
480	492
481	532
482	497
483	515
484	511
485	449
486	504
487	545
488	542
489	555
490	496
491	586
492	473
493	521
494	524
495	555
496	539
497	505
498	480
499	476
500	501
501	507
502	514
503	477
504	544
505	454
506	480
507	482
508	509
509	466
510	499
511	517
512	483
513	500
514	470
515	502
516	542
517	491
518	463
519	485
520	512
521	463
522	493
523	498
524	533
525	479
526	472
527	508
528	468
529	496
530	498
531	469
532	480
533	455
534	507
535	512
536	487
537	502
538	463
539	453
540	484
541	523
542	469
543	484
544	434
545	550
546	500
547	426
548	449
549	482
550	461
551	526
552	500
553	465
554	516
555	520
556	460
557	496
558	505
559	443
560	445
561	468
562	482
563	499
564	472
565	427
566	455
567	461
568	427
569	468
570	433
571	484
572	444
573	546
574	449
575	482
576	474
577	491
578	473
579	486
580	458
581	459
582	465
583	464
584	450
585	448
586	480
587	434
588	494
589	467
590	478
591	435
592	435
593	425
594	507
595	471
596	486
597	441
598	463
599	427
600	432
601	463
602	445
603	439
604	451
605	448
606	475
607	487
608	422
609	426
610	476
611	464
612	439
613	457
614	437
615	455
616	452
617	432
618	500
619	436
620	430
621	444
622	425
623	455
624	411
625	439
626	458
627	457
628	427
629	439
630	421
631	450
632	420
633	411
634	437
635	425
636	411
637	485
638	467
639	490
640	395
641	427
642	456
643	433
644	430
645	423
646	433
647	449
648	428
649	425
650	450
651	411
652	413
653	410
654	432
655	454
656	404
657	447
658	410
659	400
660	419
661	419
662	415
663	395
664	438
665	460
666	435
667	410
668	432
669	396
670	361
671	399
672	440
673	406
674	427
675	406
676	436
677	407
678	414
679	406
680	438
681	406
682	415
683	393
684	387
685	398
686	422
687	396
688	370
689	381
690	375
691	384
692	435
693	414
694	400
695	404
696	424
697	350
698	420
699	386
700	430
701	407
702	395
703	383
704	406
705	387
706	389
707	383
708	377
709	397
710	396
711	395
712	376
713	405
714	401
715	402
716	351
717	395
718	383
719	386
720	375
721	432
722	364
723	405
724	400
725	415
726	401
727	430
728	363
729	377
730	384
731	416
732	387
733	398
734	370
735	391
736	350
737	376
738	390
739	369
740	379
741	393
742	356
743	387
744	387
745	420
746	374
747	348
748	362
749	383
750	384
751	371
752	368
753	388
754	384
755	335
756	346
757	361
758	372
759	379
760	357
761	386
762	395
763	336
764	361
765	333
766	386
767	359
768	364
769	356
770	354
771	355
772	356
773	368
774	366
775	358
776	361
777	341
778	384
779	360
780	351
781	318
782	388
783	359
784	330
785	348
786	359
787	385
788	341
789	329
790	359
791	348
792	349
793	325
794	328
795	352
796	352
797	362
798	325
799	344
800	332
801	326
802	333
803	377
804	356
805	387
806	326
807	359
808	338
809	308
810	324
811	354
812	335
813	335
814	341
815	361
816	330
817	333
818	326
819	345
820	330
821	345
822	340
823	337
824	337
825	322
826	300
827	325
828	320
829	343
830	341
831	367
832	367
833	301
834	302
835	342
836	344
837	323
838	330
839	335
840	330
841	315
842	318
843	313
844	326
845	310
846	330
847	340
848	342
849	314
850	337
851	310
852	363
853	345
854	342
855	328
856	338
857	287
858	323
859	337
860	325
861	322
862	336
863	302
864	312
865	294
866	300
867	306
868	348
869	317
870	315
871	288
872	339
873	319
874	304
875	279
876	311
877	314
878	318
879	305
880	271
881	296
882	285
883	299
884	288
885	292
886	278
887	330
888	269
889	328
890	277
891	302
892	301
893	289
894	305
895	269
896	310
897	317
898	271
899	265
900	272
901	302
902	305
903	289
904	330
905	323
906	305
907	282
908	308
909	322
910	270
911	274
912	267
913	302
914	298
915	302
916	263
917	296
918	274
919	283
920	271
921	304
922	296
923	264
924	277
925	291
926	305
927	286
928	276
929	278
930	311
931	275
932	292
933	282
934	326
935	260
936	270
937	285
938	286
939	288
940	278
941	264
942	270
943	238
944	247
945	276
946	270
947	266
948	280
949	264
950	297
951	285
952	261
953	247
954	283
955	276
956	236
957	258
958	240
959	255
960	260
961	290
962	252
963	280
964	294
965	256
966	255
967	252
968	263
969	235
970	274
971	245
972	273
973	273
974	266
975	272
976	285
977	256
978	248
979	300
980	249
981	261
982	226
983	259
984	249
985	255
986	258
987	284
988	245
989	251
990	255
991	264
992	256
993	244
994	228
995	245
996	238
997	238
998	242
999	256
1000	233
1001	253
1002	274
1003	254
1004	244
1005	246
1006	230
1007	225
1008	263
1009	238
1010	231
1011	229
1012	275
1013	251
1014	231
1015	242
1016	261
1017	256
1018	258
1019	263
1020	238
1021	259
1022	240
1023	264
1024	256
1025	224
1026	247
1027	259
1028	260
1029	222
1030	234
1031	234
1032	236
1033	239
1034	221
1035	249
1036	258
1037	231
1038	213
1039	213
1040	266
1041	218
1042	244
1043	230
1044	247
1045	247
1046	245
1047	230
1048	246
1049	206
1050	215
1051	240
1052	243
1053	254
1054	226
1055	238
1056	226
1057	244
1058	233
1059	268
1060	214
1061	241
1062	223
1063	214
1064	240
1065	223
1066	231
1067	218
1068	228
1069	232
1070	249
1071	213
1072	220
1073	253
1074	235
1075	190
1076	218
1077	235
1078	214
1079	203
1080	209
1081	223
1082	214
1083	217
1084	194
1085	227
1086	209
1087	208
1088	207
1089	196
1090	230
1091	222
1092	193
1093	214
1094	224
1095	181
1096	206
1097	217
1098	223
1099	198
1100	210
1101	216
1102	215
1103	210
1104	226
1105	181
1106	212
1107	210
1108	195
1109	195
1110	199
1111	189
1112	228
1113	218
1114	207
1115	187
1116	202
1117	211
1118	213
1119	209
1120	206
1121	199
1122	217
1123	217
1124	207
1125	188
1126	190
1127	201
1128	177
1129	196
1130	215
1131	238
1132	189
1133	191
1134	197
1135	187
1136	222
1137	183
1138	199
1139	183
1140	190
1141	188
1142	195
1143	195
1144	193
1145	187
1146	184
1147	209
1148	191
1149	190
1150	187
1151	227
1152	187
1153	180
1154	193
1155	179
1156	150
1157	175
1158	198
1159	194
1160	191
1161	170
1162	218
1163	195
1164	204
1165	166
1166	174
1167	187
1168	213
1169	195
1170	170
1171	203
1172	177
1173	177
1174	176
1175	184
1176	174
1177	175
1178	177
1179	188
1180	174
1181	173
1182	158
1183	185
1184	168
1185	185
1186	182
1187	187
1188	158
1189	198
1190	175
1191	202
1192	187
1193	173
1194	187
1195	208
1196	190
1197	157
1198	208
1199	175
1200	177
1201	180
1202	166
1203	160
1204	186
1205	164
1206	170
1207	168
1208	177
1209	162
1210	178
1211	161
1212	169
1213	182
1214	180
1215	152
1216	184
1217	170
1218	174
1219	184
1220	166
1221	197
1222	191
1223	172
1224	142
1225	170
1226	153
1227	175
1228	172
1229	178
1230	171
1231	144
1232	183
1233	163
1234	141
1235	174
1236	167
1237	160
1238	150
1239	193
1240	163
1241	182
1242	173
1243	137
1244	174
1245	152
1246	185
1247	157
1248	170
1249	159
1250	152
1251	149
1252	129
1253	162
1254	156
1255	155
1256	160
1257	147
1258	163
1259	130
1260	149
1261	158
1262	181
1263	162
1264	161
1265	152
1266	163
1267	143
1268	135
1269	154
1270	181
1271	166
1272	152
1273	147
1274	173
1275	154
1276	146
1277	151
1278	161
1279	122
1280	160
1281	132
1282	175
1283	154
1284	171
1285	171
1286	141
1287	131
1288	164
1289	148
1290	139
1291	166
1292	149
1293	139
1294	145
1295	143
1296	133
1297	127
1298	178
1299	147
1300	127
1301	133
1302	138
1303	156
1304	141
1305	148
1306	150
1307	157
1308	137
1309	152
1310	142
1311	135
1312	148
1313	153
1314	142
1315	133
1316	127
1317	140
1318	143
1319	151
1320	134
1321	145
1322	119
1323	170
1324	124
1325	111
1326	135
1327	121
1328	122
1329	153
1330	139
1331	139
1332	154
1333	125
1334	140
1335	124
1336	143
1337	137
1338	123
1339	135
1340	147
1341	132
1342	130
1343	116
1344	141
1345	132
1346	155
1347	126
1348	131
1349	138
1350	131
1351	138
1352	136
1353	124
1354	133
1355	126
1356	139
1357	129
1358	144
1359	105
1360	139
1361	128
1362	124
1363	126
1364	164
1365	158
1366	149
1367	121
1368	127
1369	128
1370	123
1371	125
1372	129
1373	132
1374	138
1375	134
1376	132
1377	118
1378	140
1379	124
1380	124
1381	123
1382	128
1383	115
1384	115
1385	142
1386	116
1387	96
1388	115
1389	133
1390	140
1391	125
1392	121
1393	133
1394	125
1395	117
1396	121
1397	147
1398	146
1399	115
1400	117
1401	129
1402	133
1403	106
1404	128
1405	136
1406	114
1407	127
1408	126
1409	131
1410	111
1411	112
1412	116
1413	114
1414	123
1415	117
1416	101
1417	117
1418	112
1419	108
1420	121
1421	124
1422	122
1423	106
1424	106
1425	107
1426	128
1427	130
1428	129
1429	132
1430	122
1431	122
1432	114
1433	103
1434	104
1435	132
1436	82
1437	101
1438	115
1439	103
1440	100
1441	104
1442	114
1443	128
1444	123
1445	130
1446	119
1447	96
1448	102
1449	113
1450	101
1451	109
1452	94
1453	94
1454	127
1455	94
1456	101
1457	115
1458	106
1459	110
1460	109
1461	109
1462	121
1463	119
1464	106
1465	102
1466	105
1467	86
1468	112
1469	110
1470	130
1471	95
1472	98
1473	79
1474	113
1475	108
1476	98
1477	107
1478	97
1479	124
1480	78
1481	101
1482	122
1483	98
1484	114
1485	97
1486	105
1487	103
1488	103
1489	95
1490	88
1491	91
1492	117
1493	95
1494	99
1495	112
1496	91
1497	105
1498	98
1499	91
1500	103
1501	95
1502	100
1503	96
1504	89
1505	85
1506	89
1507	107
1508	107
1509	100
1510	72
1511	91
1512	100
1513	94
1514	105
1515	104
1516	100
1517	100
1518	105
1519	86
1520	84
1521	81
1522	102
1523	97
1524	111
1525	94
1526	117
1527	84
1528	92
1529	99
1530	79
1531	83
1532	101
1533	110
1534	82
1535	79
1536	92
1537	88
1538	76
1539	95
1540	107
1541	90
1542	93
1543	79
1544	94
1545	99
1546	88
1547	86
1548	87
1549	88
1550	85
1551	70
1552	92
1553	98
1554	86
1555	72
1556	89
1557	69
1558	84
1559	79
1560	83
1561	81
1562	69
1563	86
1564	73
1565	84
1566	90
1567	93
1568	95
1569	88
1570	63
1571	62
1572	87
1573	109
1574	86
1575	77
1576	86
1577	84
1578	90
1579	78
1580	91
1581	59
1582	88
1583	89
1584	76
1585	103
1586	87
1587	90
1588	78
1589	80
1590	68
1591	84
1592	83
1593	94
1594	70
1595	70
1596	94
1597	88
1598	82
1599	86
1600	74
1601	71
1602	88
1603	77
1604	73
1605	80
1606	72
1607	71
1608	80
1609	81
1610	67
1611	74
1612	96
1613	71
1614	76
1615	72
1616	79
1617	80
1618	75
1619	85
1620	83
1621	80
1622	70
1623	69
1624	99
1625	63
1626	88
1627	87
1628	81
1629	73
1630	79
1631	96
1632	79
1633	77
1634	70
1635	75
1636	54
1637	68
1638	72
1639	83
1640	62
1641	69
1642	64
1643	77
1644	61
1645	85
1646	78
1647	81
1648	82
1649	64
1650	73
1651	79
1652	62
1653	67
1654	75
1655	76
1656	71
1657	65
1658	58
1659	70
1660	66
1661	64
1662	59
1663	82
1664	65
1665	64
1666	65
1667	69
1668	63
1669	69
1670	82
1671	73
1672	74
1673	69
1674	74
1675	77
1676	88
1677	69
1678	68
1679	74
1680	88
1681	73
1682	72
1683	69
1684	64
1685	73
1686	63
1687	78
1688	69
1689	79
1690	81
1691	55
1692	65
1693	85
1694	50
1695	78
1696	64
1697	79
1698	84
1699	69
1700	62
1701	71
1702	75
1703	70
1704	77
1705	60
1706	55
1707	52
1708	63
1709	68
1710	73
1711	71
1712	83
1713	54
1714	63
1715	70
1716	72
1717	46
1718	76
1719	65
1720	58
1721	70
1722	69
1723	57
1724	66
1725	66
1726	62
1727	52
1728	58
1729	57
1730	63
1731	79
1732	69
1733	67
1734	61
1735	64
1736	77
1737	61
1738	58
1739	70
1740	46
1741	58
1742	65
1743	63
1744	66
1745	53
1746	54
1747	57
1748	54
1749	58
1750	57
1751	58
1752	71
1753	55
1754	60
1755	55
1756	43
1757	48
1758	59
1759	58
1760	47
1761	62
1762	52
1763	53
1764	55
1765	60
1766	68
1767	50
1768	62
1769	50
1770	61
1771	65
1772	55
1773	64
1774	77
1775	59
1776	58
1777	56
1778	66
1779	49
1780	57
1781	49
1782	52
1783	64
1784	59
1785	54
1786	68
1787	47
1788	46
1789	47
1790	56
1791	59
1792	49
1793	61
1794	46
1795	63
1796	55
1797	41
1798	57
1799	66
1800	45
1801	50
1802	60
1803	48
1804	66
1805	59
1806	56
1807	54
1808	64
1809	50
1810	50
1811	43
1812	51
1813	49
1814	47
1815	52
1816	46
1817	53
1818	55
1819	56
1820	50
1821	49
1822	60
1823	59
1824	44
1825	43
1826	42
1827	49
1828	45
1829	42
1830	45
1831	54
1832	59
1833	64
1834	49
1835	49
1836	37
1837	42
1838	52
1839	56
1840	46
1841	51
1842	44
1843	44
1844	45
1845	47
1846	50
1847	43
1848	57
1849	43
1850	52
1851	46
1852	51
1853	62
1854	49
1855	43
1856	41
1857	51
1858	54
1859	49
1860	46
1861	39
1862	60
1863	47
1864	49
1865	50
1866	36
1867	51
1868	42
1869	50
1870	57
1871	46
1872	46
1873	53
1874	34
1875	46
1876	49
1877	47
1878	28
1879	52
1880	42
1881	51
1882	59
1883	44
1884	53
1885	42
1886	43
1887	41
1888	56
1889	42
1890	49
1891	36
1892	40
1893	45
1894	44
1895	34
1896	39
1897	42
1898	42
1899	51
1900	37
1901	42
1902	50
1903	47
1904	45
1905	42
1906	37
1907	41
1908	47
1909	41
1910	44
1911	39
1912	42
1913	59
1914	49
1915	47
1916	41
1917	46
1918	41
1919	45
1920	47
1921	35
1922	37
1923	41
1924	38
1925	43
1926	50
1927	37
1928	41
1929	46
1930	45
1931	35
1932	43
1933	42
1934	44
1935	49
1936	38
1937	50
1938	44
1939	44
1940	39
1941	45
1942	41
1943	49
1944	36
1945	47
1946	30
1947	43
1948	29
1949	45
1950	38
1951	41
1952	39
1953	47
1954	41
1955	48
1956	34
1957	33
1958	38
1959	30
1960	34
1961	45
1962	36
1963	42
1964	38
1965	42
1966	41
1967	39
1968	42
1969	32
1970	40
1971	46
1972	39
1973	44
1974	32
1975	45
1976	32
1977	37
1978	35
1979	49
1980	32
1981	36
1982	28
1983	37
1984	40
1985	46
1986	38
1987	31
1988	43
1989	30
1990	44
1991	37
1992	48
1993	28
1994	34
1995	42
1996	30
1997	30
1998	27
1999	41
2000	37
2001	27
2002	29
2003	31
2004	28
2005	35
2006	44
2007	30
2008	37
2009	45
2010	36
2011	41
2012	49
2013	37
2014	35
2015	22
2016	40
2017	38
2018	28
2019	40
2020	33
2021	30
2022	37
2023	31
2024	32
2025	29
2026	27
2027	24
2028	45
2029	36
2030	34
2031	28
2032	24
2033	33
2034	33
2035	32
2036	34
2037	35
2038	30
2039	31
2040	35
2041	33
2042	32
2043	28
2044	28
2045	28
2046	35
2047	36
2048	31
2049	25
2050	23
2051	40
2052	30
2053	24
2054	38
2055	24
2056	42
2057	29
2058	39
2059	32
2060	27
2061	30
2062	34
2063	29
2064	24
2065	37
2066	29
2067	32
2068	31
2069	26
2070	28
2071	24
2072	28
2073	24
2074	29
2075	27
2076	30
2077	29
2078	34
2079	35
2080	35
2081	29
2082	31
2083	31
2084	28
2085	30
2086	27
2087	28
2088	25
2089	28
2090	35
2091	21
2092	23
2093	35
2094	31
2095	44
2096	30
2097	21
2098	31
2099	22
2100	36
2101	32
2102	30
2103	27
2104	29
2105	26
2106	27
2107	28
2108	32
2109	22
2110	30
2111	22
2112	19
2113	17
2114	31
2115	29
2116	32
2117	31
2118	36
2119	27
2120	31
2121	30
2122	26
2123	30
2124	29
2125	22
2126	28
2127	24
2128	20
2129	26
2130	31
2131	32
2132	24
2133	28
2134	26
2135	26
2136	29
2137	28
2138	30
2139	19
2140	32
2141	25
2142	28
2143	26
2144	30
2145	36
2146	22
2147	38
2148	21
2149	20
2150	27
2151	29
2152	17
2153	21
2154	28
2155	30
2156	21
2157	23
2158	33
2159	27
2160	18
2161	29
2162	18
2163	31
2164	21
2165	33
2166	17
2167	28
2168	18
2169	35
2170	20
2171	30
2172	16
2173	22
2174	26
2175	28
2176	28
2177	30
2178	22
2179	26
2180	27
2181	26
2182	23
2183	21
2184	33
2185	22
2186	27
2187	25
2188	27
2189	22
2190	17
2191	31
2192	31
2193	20
2194	24
2195	17
2196	27
2197	25
2198	22
2199	32
2200	33
2201	23
2202	26
2203	26
2204	27
2205	27
2206	15
2207	16
2208	19
2209	21
2210	24
2211	16
2212	24
2213	27
2214	23
2215	22
2216	24
2217	21
2218	32
2219	19
2220	17
2221	20
2222	20
2223	19
2224	21
2225	31
2226	19
2227	25
2228	17
2229	23
2230	26
2231	18
2232	22
2233	16
2234	28
2235	21
2236	23
2237	14
2238	26
2239	34
2240	21
2241	23
2242	15
2243	19
2244	24
2245	19
2246	22
2247	28
2248	21
2249	17
2250	24
2251	18
2252	23
2253	30
2254	34
2255	15
2256	27
2257	27
2258	12
2259	14
2260	23
2261	21
2262	16
2263	19
2264	30
2265	25
2266	29
2267	22
2268	13
2269	20
2270	22
2271	18
2272	21
2273	14
2274	15
2275	22
2276	14
2277	23
2278	17
2279	14
2280	16
2281	22
2282	24
2283	19
2284	21
2285	23
2286	17
2287	19
2288	28
2289	19
2290	22
2291	25
2292	21
2293	20
2294	19
2295	22
2296	23
2297	15
2298	17
2299	16
2300	22
2301	21
2302	22
2303	15
2304	27
2305	16
2306	21
2307	19
2308	15
2309	19
2310	12
2311	19
2312	21
2313	14
2314	21
2315	19
2316	22
2317	14
2318	10
2319	16
2320	12
2321	13
2322	19
2323	23
2324	19
2325	16
2326	14
2327	24
2328	14
2329	18
2330	11
2331	19
2332	15
2333	17
2334	11
2335	16
2336	21
2337	16
2338	17
2339	15
2340	17
2341	18
2342	22
2343	15
2344	13
2345	18
2346	11
2347	24
2348	19
2349	15
2350	18
2351	17
2352	8
2353	13
2354	13
2355	18
2356	16
2357	16
2358	23
2359	13
2360	24
2361	16
2362	21
2363	29
2364	15
2365	17
2366	17
2367	15
2368	18
2369	13
2370	19
2371	20
2372	18
2373	10
2374	15
2375	13
2376	17
2377	15
2378	18
2379	13
2380	20
2381	17
2382	15
2383	16
2384	24
2385	15
2386	18
2387	24
2388	13
2389	9
2390	15
2391	13
2392	23
2393	16
2394	10
2395	19
2396	19
2397	14
2398	21
2399	16
2400	17
2401	18
2402	21
2403	13
2404	19
2405	12
2406	12
2407	21
2408	13
2409	17
2410	14
2411	15
2412	17
2413	22
2414	12
2415	18
2416	14
2417	9
2418	19
2419	16
2420	11
2421	15
2422	13
2423	14
2424	19
2425	15
2426	18
2427	17
2428	15
2429	19
2430	16
2431	13
2432	20
2433	19
2434	12
2435	13
2436	16
2437	11
2438	19
2439	16
2440	13
2441	19
2442	14
2443	9
2444	18
2445	15
2446	12
2447	12
2448	17
2449	12
2450	10
2451	10
2452	17
2453	11
2454	13
2455	21
2456	19
2457	17
2458	11
2459	10
2460	19
2461	13
2462	13
2463	10
2464	14
2465	12
2466	14
2467	14
2468	11
2469	15
2470	20
2471	7
2472	11
2473	13
2474	19
2475	11
2476	14
2477	11
2478	20
2479	11
2480	14
2481	14
2482	10
2483	15
2484	11
2485	17
2486	10
2487	16
2488	11
2489	14
2490	15
2491	17
2492	14
2493	15
2494	11
2495	16
2496	10
2497	19
2498	15
2499	16
2500	9
2501	16
2502	11
2503	11
2504	11
2505	15
2506	11
2507	11
2508	14
2509	12
2510	11
2511	14
2512	10
2513	13
2514	16
2515	21
2516	23
2517	7
2518	14
2519	15
2520	14
2521	15
2522	15
2523	9
2524	18
2525	12
2526	17
2527	14
2528	10
2529	11
2530	11
2531	14
2532	8
2533	12
2534	11
2535	15
2536	11
2537	15
2538	9
2539	19
2540	12
2541	16
2542	11
2543	14
2544	11
2545	13
2546	8
2547	8
2548	12
2549	14
2550	11
2551	12
2552	19
2553	13
2554	17
2555	10
2556	9
2557	6
2558	12
2559	11
2560	12
2561	16
2562	12
2563	8
2564	12
2565	12
2566	15
2567	12
2568	21
2569	8
2570	12
2571	10
2572	8
2573	10
2574	10
2575	4
2576	14
2577	14
2578	14
2579	11
2580	11
2581	13
2582	7
2583	7
2584	14
2585	9
2586	10
2587	9
2588	14
2589	13
2590	13
2591	11
2592	13
2593	8
2594	11
2595	16
2596	11
2597	10
2598	10
2599	8
2600	16
2601	12
2602	12
2603	10
2604	8
2605	7
2606	19
2607	14
2608	14
2609	15
2610	10
2611	12
2612	11
2613	10
2614	14
2615	16
2616	9
2617	6
2618	7
2619	8
2620	13
2621	10
2622	10
2623	11
2624	17
2625	10
2626	12
2627	13
2628	10
2629	9
2630	14
2631	11
2632	15
2633	7
2634	11
2635	11
2636	7
2637	11
2638	11
2639	6
2640	8
2641	8
2642	12
2643	11
2644	9
2645	8
2646	8
2647	15
2648	8
2649	11
2650	7
2651	9
2652	7
2653	8
2654	14
2655	6
2656	8
2657	6
2658	9
2659	6
2660	10
2661	12
2662	12
2663	11
2664	11
2665	8
2666	14
2667	14
2668	10
2669	9
2670	17
2671	8
2672	1
2673	4
2674	9
2675	15
2676	14
2677	9
2678	9
2679	7
2680	15
2681	8
2682	10
2683	9
2684	7
2685	9
2686	10
2687	9
2688	10
2689	9
2690	12
2691	10
2692	13
2693	9
2694	11
2695	10
2696	7
2697	7
2698	8
2699	12
2700	7
2701	10
2702	9
2703	7
2704	10
2705	5
2706	8
2707	10
2708	6
2709	7
2710	12
2711	20
2712	9
2713	8
2714	8
2715	7
2716	8
2717	6
2718	10
2719	7
2720	14
2721	5
2722	7
2723	7
2724	11
2725	8
2726	10
2727	9
2728	8
2729	9
2730	7
2731	10
2732	10
2733	10
2734	14
2735	10
2736	11
2737	17
2738	8
2739	7
2740	12
2741	4
2742	7
2743	8
2744	6
2745	5
2746	7
2747	4
2748	4
2749	5
2750	6
2751	9
2752	5
2753	7
2754	10
2755	6
2756	8
2757	9
2758	7
2759	12
2760	7
2761	8
2762	9
2763	11
2764	11
2765	8
2766	7
2767	8
2768	9
2769	10
2770	8
2771	10
2772	9
2773	11
2774	5
2775	8
2776	6
2777	6
2778	9
2779	6
2780	9
2781	5
2782	6
2783	10
2784	4
2785	8
2786	8
2787	8
2788	5
2789	7
2790	13
2791	8
2792	4
2793	11
2794	7
2795	4
2796	7
2797	7
2798	8
2799	5
2800	6
2801	9
2802	7
2803	4
2804	11
2805	7
2806	8
2807	5
2808	6
2809	4
2810	5
2811	8
2812	10
2813	7
2814	7
2815	9
2816	3
2817	8
2818	7
2819	5
2820	6
2821	5
2822	4
2823	7
2824	6
2825	9
2826	10
2827	7
2828	7
2829	10
2830	2
2831	10
2832	6
2833	8
2834	14
2835	8
2836	8
2837	7
2838	9
2839	15
2840	6
2841	3
2842	8
2843	9
2844	13
2845	10
2846	7
2847	3
2848	8
2849	8
2850	6
2851	6
2852	6
2853	5
2854	7
2855	10
2856	4
2857	4
2858	4
2859	6
2860	12
2861	3
2862	9
2863	9
2864	8
2865	5
2866	5
2867	5
2868	5
2869	7
2870	9
2871	6
2872	7
2873	2
2874	4
2875	4
2876	4
2877	4
2878	6
2879	6
2880	7
2881	3
2882	14
2883	7
2884	5
2885	7
2886	5
2887	7
2888	5
2889	5
2890	6
2891	9
2892	6
2893	7
2894	3
2895	7
2896	7
2897	5
2898	6
2899	6
2900	3
2901	5
2902	4
2903	7
2904	8
2905	8
2906	7
2907	1
2908	7
2910	3
2911	5
2912	6
2913	8
2914	6
2915	8
2916	6
2917	10
2918	9
2919	7
2920	6
2921	7
2922	3
2923	4
2924	8
2925	5
2926	5
2927	7
2928	7
2929	11
2930	3
2931	3
2932	8
2933	4
2934	7
2935	5
2936	8
2937	7
2938	5
2939	6
2940	9
2941	9
2942	9
2943	5
2944	6
2945	9
2946	1
2947	9
2948	10
2949	5
2950	5
2951	6
2952	5
2953	4
2954	1
2955	4
2956	2
2957	2
2958	7
2959	6
2960	10
2961	3
2962	2
2963	9
2964	6
2965	5
2966	2
2967	3
2968	6
2969	5
2970	2
2971	7
2972	6
2973	4
2974	4
2975	2
2976	7
2977	6
2978	2
2979	4
2980	8
2981	10
2982	4
2983	10
2984	8
2985	7
2986	1
2987	7
2988	9
2989	3
2990	4
2991	7
2992	3
2993	3
2994	4
2995	3
2996	7
2997	4
2998	6
2999	10
3000	4
3001	6
3002	9
3003	7
3004	7
3005	5
3006	7
3007	2
3008	2
3009	4
3010	6
3011	8
3012	3
3013	5
3014	8
3015	4
3016	3
3017	4
3018	7
3019	4
3020	5
3021	3
3022	4
3023	3
3024	5
3025	5
3026	4
3027	7
3028	1
3029	8
3031	5
3032	13
3033	6
3034	3
3035	6
3036	4
3037	7
3038	5
3039	6
3040	5
3041	3
3042	10
3043	8
3044	4
3045	8
3046	8
3047	6
3048	7
3049	6
3050	3
3051	7
3052	2
3053	2
3054	7
3055	6
3056	3
3057	7
3058	3
3059	6
3060	4
3061	6
3062	3
3063	5
3065	4
3066	2
3067	5
3068	4
3069	6
3070	1
3071	2
3072	3
3073	6
3074	6
3075	7
3076	5
3077	1
3078	6
3079	5
3080	5
3081	5
3082	5
3083	7
3084	6
3085	2
3086	5
3087	1
3088	4
3089	5
3090	2
3091	5
3092	2
3093	4
3094	2
3095	2
3096	8
3097	5
3098	8
3099	5
3100	3
3101	6
3102	3
3103	3
3104	4
3105	7
3106	3
3107	2
3108	3
3109	4
3110	4
3111	3
3112	5
3113	4
3114	4
3115	8
3116	5
3117	3
3118	6
3119	7
3120	4
3121	3
3122	3
3123	3
3124	3
3125	1
3126	8
3127	3
3128	4
3129	2
3130	9
3131	6
3132	4
3133	4
3134	4
3135	7
3136	7
3137	3
3138	3
3139	6
3140	1
3141	5
3142	7
3143	5
3144	7
3145	3
3146	4
3147	3
3148	3
3149	2
3150	5
3151	1
3152	5
3153	3
3154	4
3155	5
3156	3
3157	6
3158	7
3159	4
3160	4
3161	3
3162	4
3163	4
3164	1
3165	5
3166	5
3167	5
3168	10
3169	5
3170	4
3171	6
3172	5
3173	4
3174	5
3175	4
3176	3
3177	3
3178	6
3179	3
3180	3
3181	2
3182	2
3183	2
3184	6
3185	2
3186	3
3187	5
3188	2
3189	1
3190	2
3191	1
3192	2
3194	2
3195	2
3196	7
3197	2
3198	6
3199	4
3200	3
3201	3
3202	4
3203	3
3204	6
3205	7
3206	4
3207	4
3208	5
3210	2
3211	8
3212	4
3213	4
3214	2
3215	3
3216	2
3217	4
3218	5
3219	3
3220	4
3221	5
3222	3
3223	3
3224	7
3225	5
3226	6
3227	3
3228	3
3229	4
3230	3
3231	5
3232	3
3233	5
3234	5
3235	1
3236	3
3237	8
3238	6
3239	7
3240	1
3241	1
3242	4
3243	3
3245	3
3246	4
3247	2
3248	3
3249	2
3250	3
3251	6
3252	2
3253	3
3255	1
3256	1
3257	2
3258	3
3259	4
3260	4
3261	4
3262	3
3263	1
3264	3
3265	1
3266	1
3267	4
3268	2
3269	5
3270	1
3271	2
3272	4
3273	5
3274	8
3275	3
3277	1
3278	7
3279	5
3280	1
3281	4
3282	6
3283	4
3284	5
3285	3
3287	3
3288	4
3289	9
3290	1
3291	5
3292	5
3293	4
3294	4
3295	3
3296	4
3297	2
3298	4
3299	1
3300	5
3301	4
3302	2
3303	5
3304	1
3305	6
3306	3
3307	2
3308	2
3309	1
3310	4
3311	3
3312	2
3313	2
3314	3
3315	1
3316	3
3317	4
3318	6
3319	2
3320	2
3321	2
3322	4
3323	2
3324	1
3325	3
3326	4
3327	3
3328	2
3330	3
3331	5
3332	2
3333	4
3334	2
3335	1
3336	1
3337	3
3338	3
3339	1
3340	9
3341	3
3342	5
3343	1
3344	6
3345	4
3346	1
3347	8
3349	4
3350	5
3351	1
3352	2
3353	8
3354	6
3355	5
3356	4
3357	2
3358	2
3359	3
3360	2
3361	1
3362	1
3363	3
3364	3
3365	5
3366	2
3367	4
3368	6
3370	2
3371	5
3372	1
3373	2
3374	3
3375	4
3376	5
3377	3
3378	1
3379	1
3381	2
3382	3
3383	2
3384	2
3385	4
3386	2
3387	5
3388	2
3389	1
3390	3
3391	5
3392	1
3393	5
3394	2
3397	1
3398	2
3399	3
3400	6
3401	2
3402	4
3403	1
3404	2
3405	3
3406	2
3407	5
3408	4
3409	4
3410	4
3411	5
3412	6
3414	2
3415	5
3416	2
3417	4
3418	2
3419	3
3420	2
3421	5
3422	3
3423	3
3424	1
3425	1
3426	2
3427	3
3429	2
3430	1
3431	3
3432	2
3433	3
3434	3
3435	1
3437	1
3438	3
3439	3
3440	4
3441	2
3442	3
3443	4
3445	3
3446	6
3447	2
3448	4
3449	2
3450	4
3451	5
3452	3
3453	1
3454	1
3455	7
3456	1
3457	1
3460	1
3461	4
3462	3
3463	1
3464	3
3465	1
3466	4
3467	1
3469	3
3470	2
3471	1
3472	2
3473	2
3474	3
3475	2
3476	1
3477	7
3478	2
3479	1
3480	3
3482	1
3483	1
3484	2
3485	3
3486	3
3487	3
3489	1
3490	3
3492	1
3493	3
3494	3
3495	4
3496	2
3498	4
3499	2
3500	3
3501	3
3502	1
3503	1
3504	2
3505	1
3506	2
3507	3
3508	2
3510	3
3511	3
3512	2
3513	1
3514	4
3515	2
3516	3
3517	4
3518	4
3519	2
3520	3
3521	3
3522	4
3523	3
3525	1
3526	1
3528	3
3530	3
3531	4
3532	5
3533	1
3534	2
3535	7
3536	1
3537	2
3538	5
3539	1
3540	1
3541	1
3543	1
3544	2
3545	2
3547	6
3548	1
3549	1
3550	1
3551	3
3552	3
3553	1
3555	3
3556	4
3557	1
3558	1
3559	4
3560	3
3561	2
3562	2
3564	3
3567	4
3568	2
3569	1
3570	2
3571	3
3572	2
3573	2
3574	2
3575	1
3577	1
3578	1
3581	1
3582	3
3583	1
3584	2
3585	3
3586	2
3587	2
3588	2
3590	2
3591	1
3592	1
3594	2
3595	2
3596	1
3597	1
3598	1
3599	3
3600	3
3601	3
3602	1
3603	3
3604	1
3605	2
3607	2
3609	2
3610	2
3611	6
3612	1
3613	7
3614	1
3615	2
3617	2
3618	1
3619	1
3620	1
3622	2
3623	1
3624	1
3625	2
3626	1
3627	2
3628	2
3629	3
3630	2
3631	1
3632	4
3633	2
3634	2
3635	1
3636	2
3637	3
3638	1
3640	1
3641	2
3642	3
3643	1
3644	4
3646	2
3647	2
3648	3
3649	3
3650	1
3651	3
3652	1
3653	1
3654	1
3656	2
3657	1
3659	2
3660	2
3662	1
3663	4
3664	1
3665	2
3666	4
3667	3
3668	4
3669	2
3670	1
3671	1
3673	3
3674	1
3675	3
3676	1
3677	2
3678	1
3680	1
3683	4
3684	2
3685	3
3686	1
3687	3
3688	3
3689	2
3691	4
3692	1
3693	2
3694	2
3695	3
3697	2
3698	3
3699	1
3701	1
3703	2
3704	2
3705	1
3706	2
3707	1
3708	2
3709	4
3710	2
3713	2
3714	3
3717	3
3720	2
3721	4
3723	3
3724	1
3725	1
3727	1
3729	2
3730	2
3731	2
3732	4
3733	3
3734	1
3735	1
3737	3
3738	1
3740	3
3743	1
3745	3
3746	1
3747	1
3750	1
3751	2
3753	3
3754	1
3755	3
3759	2
3760	1
3761	4
3762	1
3763	4
3764	3
3765	1
3766	3
3769	1
3770	1
3772	1
3773	1
3774	1
3775	2
3777	2
3782	3
3785	4
3786	1
3787	2
3788	2
3789	1
3791	2
3792	1
3794	2
3795	1
3796	1
3797	1
3798	4
3799	1
3800	2
3801	2
3803	1
3804	2
3807	2
3808	1
3809	1
3810	3
3811	1
3812	2
3813	2
3814	1
3815	1
3816	1
3817	1
3818	3
3820	1
3821	2
3822	3
3823	1
3824	2
3825	1
3826	1
3828	2
3829	1
3830	4
3831	3
3832	2
3833	2
3834	1
3835	1
3836	1
3839	1
3842	2
3843	3
3844	1
3846	2
3847	3
3850	1
3851	1
3854	2
3855	1
3857	1
3858	1
3860	1
3864	1
3870	2
3871	1
3872	1
3875	1
3876	1
3878	1
3879	2
3880	1
3882	5
3883	3
3884	1
3886	1
3891	1
3893	2
3894	2
3902	2
3903	2
3904	2
3907	2
3908	1
3911	1
3912	2
3913	2
3916	1
3917	1
3918	2
3922	2
3923	2
3927	3
3928	1
3929	3
3930	1
3931	2
3932	1
3933	3
3934	1
3936	3
3937	2
3941	2
3943	1
3945	1
3946	1
3947	1
3949	2
3951	1
3953	3
3954	1
3955	2
3957	2
3959	1
3960	1
3961	1
3964	2
3965	2
3966	1
3967	1
3968	2
3969	1
3971	1
3972	2
3975	1
3976	1
3978	1
3979	2
3981	1
3983	2
3984	1
3988	2
3990	2
3994	1
3996	2
3997	1
4002	1
4003	2
4006	2
4008	1
4011	1
4012	3
4014	2
4018	1
4020	2
4021	1
4022	1
4024	2
4025	1
4026	2
4028	1
4030	1
4033	2
4035	1
4037	1
4038	1
4040	2
4046	1
4047	2
4048	1
4050	2
4051	2
4053	1
4054	1
4055	1
4057	1
4059	1
4060	1
4061	1
4062	1
4063	1
4066	3
4067	1
4070	2
4072	1
4073	1
4075	1
4076	1
4078	2
4079	1
4080	1
4085	2
4086	1
4087	1
4088	1
4089	1
4091	1
4093	3
4094	1
4096	1
4099	1
4100	2
4101	1
4102	1
4103	3
4105	1
4106	1
4107	1
4109	1
4110	1
4112	3
4113	1
4117	1
4118	1
4119	3
4120	1
4121	1
4122	1
4128	1
4132	2
4134	2
4135	1
4142	1
4143	1
4145	1
4146	2
4150	2
4151	1
4152	2
4153	1
4156	1
4157	1
4158	1
4160	3
4161	3
4164	4
4168	1
4169	1
4170	1
4171	1
4172	2
4179	1
4181	1
4184	3
4185	1
4188	1
4190	1
4192	1
4193	1
4197	1
4198	1
4200	1
4204	1
4205	1
4211	2
4212	1
4215	1
4216	1
4217	1
4218	1
4220	2
4221	1
4222	1
4223	1
4224	2
4225	1
4226	1
4229	1
4230	1
4231	1
4234	1
4236	1
4238	1
4241	1
4244	1
4247	1
4249	2
4250	2
4252	1
4253	1
4259	1
4262	1
4268	1
4269	1
4270	1
4272	1
4273	2
4274	1
4276	1
4277	1
4281	1
4283	2
4285	1
4288	1
4295	2
4298	1
4300	1
4301	2
4302	3
4303	1
4305	1
4307	1
4310	1
4313	1
4314	1
4317	1
4319	1
4323	1
4332	1
4334	1
4336	1
4338	2
4342	1
4344	1
4350	1
4354	1
4355	1
4357	1
4359	1
4360	1
4361	2
4363	1
4364	1
4365	1
4372	1
4377	1
4381	1
4382	1
4384	1
4389	1
4392	1
4393	1
4394	1
4395	1
4396	1
4399	1
4409	1
4411	1
4413	1
4414	1
4420	1
4426	1
4427	1
4429	1
4431	1
4437	1
4438	1
4440	1
4442	1
4445	1
4451	1
4454	1
4457	1
4458	1
4463	1
4464	2
4465	1
4467	1
4476	1
4478	2
4488	1
4490	1
4492	1
4493	1
4496	1
4499	1
4501	1
4504	1
4506	1
4507	1
4508	1
4515	1
4521	1
4525	1
4527	1
4536	1
4547	1
4548	1
4555	1
4557	1
4558	2
4562	2
4573	1
4577	1
4599	1
4609	1
4623	1
4631	1
4634	1
4642	2
4643	1
4648	1
4677	1
4683	2
4703	1
4711	1
4714	1
4716	1
4717	1
4719	1
4724	1
4725	1
4736	1
4738	1
4744	1
4749	1
4757	1
4759	1
4760	1
4762	1
4768	1
4774	1
4778	1
4792	1
4804	1
4807	1
4810	1
4829	1
4833	1
4847	1
4858	1
4865	1
4867	1
4872	1
4877	1
4884	1
4906	1
4918	1
4925	1
4932	1
4938	1
4964	1
4967	1
4971	1
4974	1
4980	1
4987	1
4993	1
5023	1
5024	1
5027	1
5038	1
5040	1
5045	1
5048	1
5054	1
5059	1
5075	1
5078	1
5082	1
5083	1
5094	1
5109	1
5137	1
5189	1
5206	1
5207	1
5253	1
5256	1
5265	1
5300	1
5301	1
5303	1
5306	1
5348	1
5350	1
5375	1
5391	1
5437	1
5441	1
5481	1
5483	1
5545	1
5613	1
5636	1
5645	1
5668	1
5703	1
5771	1
5773	1
5799	1
5870	1
5921	1
5922	1
5956	1
5958	1
5962	1
5967	1
6110	1
6116	1
6298	1
